-0.00859905
-0.0101162
-0.0112315
-0.00685172
-0.0090441
-0.00225344
0.000371549
0.000803274
-0.00226182
-0.00553182
-0.00895856
-0.00678943
-0.00344131
-0.00805416
-0.000178418
0.0051649
0.00439359
-0.000506223
0.0059565
-0.00562716
-0.00808676
-0.006067
-0.00299661
-0.0043777
-0.000126482
0.0137356
0.0116005
0.00949842
-0.000444057
-0.0019205
0.000801407
-0.00174714
-0.000999882
0.00118262
0.0209217
0.0112231
-0.00808297
-0.00839102
-0.00668553
-0.00362534
-0.00980822
-0.0043587
0.00256908
0.00430199
-0.00506163
-0.00527526
-0.00869434
-0.00829393
-0.0038109
-0.0140141
0.00292095
0.0102617
0.00959081
0.00110109
0.00400028
-0.00387158
-0.00103606
-0.000298482
-0.0105967
-0.00375119
0.000217514
0.01674
0.00904455
0.00864448
-0.00445845
-0.00297437
-0.00222142
-0.0132976
-0.00215148
0.00544234
0.0160455
0.0162182
-0.00886082
-0.0126876
-0.00990952
-0.00987496
-0.0108511
0.00121536
0.00869742
0.0100543
0.00732768
-0.00443084
-0.0155597
-0.0132028
-0.0107007
-0.00997083
-0.00684742
0.00196951
0.0120544
0.00654125
0.00440115
-0.00869237
-0.00603427
-0.00592225
-0.00909421
-0.00267012
0.00512498
0.0146438
0.0156605
0.00328867
-0.00653889
-0.0070941
-0.00674002
-0.00847364
-0.00759774
0.00528781
0.0158058
0.0122833
-0.00213949
-0.0141417
-0.0132705
-0.0135933
-0.00968013
-0.00939959
0.00110298
0.0132666
0.00636893
-0.00231505
-0.0126955
-0.014352
-0.0155982
-0.0134017
-0.0127776
0.00494836
0.00609994
0.00531159
0.00434436
-0.00654424
-0.0100989
-0.0141442
-0.0139667
-0.00978441
0.0112449
0.0183592
0.0172674
0.00761378
-0.00571184
-0.00840471
-0.0174534
-0.0189353
-0.014919
0.00882084
0.0157782
0.0200167
-0.0064779
-0.0171492
-0.0153585
-0.0159253
-0.0146773
-0.0118727
0.00716337
0.00981303
0.0026729
-0.00929579
-0.018327
-0.0165751
-0.0183454
-0.0177186
-0.00836063
0.00455607
0.0105413
-0.002419
0.00842551
-0.00674731
-0.00495996
-0.010118
-0.012912
-0.00795347
0.00882635
0.01596
0.0175441
0.00604709
-0.00806001
-0.00409105
-0.006818
-0.010682
-0.00309707
0.0078074
0.0175702
0.0163233
-0.0126972
-0.0203947
-0.0178282
-0.0155134
-0.0172029
-0.00892961
9.77491e-05
0.00998584
-0.00434504
-0.00644381
-0.0157239
-0.0147571
-0.00969677
-0.0165379
-0.0101764
0.00331013
0.0107372
-0.00495907
0.00273129
-0.0089338
-0.00447901
-0.0037798
-0.0103975
-0.0062086
0.00579034
0.0179133
0.0172946
0.00986429
-0.00216595
-0.00354861
-0.000564067
-0.0125223
-0.000672722
0.0132872
0.0219926
0.0194465
-0.00817345
-0.0148983
-0.0135509
-0.013999
-0.0168894
-0.00905807
0.0039744
0.00869765
-0.00802684
-0.00805836
-0.0204329
-0.01767
-0.0188915
-0.0164875
-0.00542528
0.0010644
0.00503865
-0.00517419
0.0130152
-0.000913006
-0.00639768
-0.00576871
-0.014679
-0.000661359
0.0127147
0.017746
0.0236556
0.0130049
-0.00480186
-0.00923583
-0.0126331
-0.0129128
-0.00422482
0.00569532
0.0139048
0.0197083
-0.00815705
-0.017675
-0.0155143
-0.0118935
-0.009342
-0.00528039
0.00402154
0.00970587
0.00217194
-0.0117501
-0.0199578
-0.0163772
-0.0126557
-0.0132307
-0.0106445
0.00158305
0.00699628
-0.000639937
0.00978302
-0.00516311
-0.00504455
-0.00681414
-0.00734462
-0.000395951
0.00809746
0.016812
0.0193899
0.00206056
-0.00677329
-0.00873091
-0.00629278
-0.00941525
-0.00291122
0.00798926
0.0136078
0.0120351
-0.0110699
-0.0177919
-0.0137968
-0.00986007
-0.0100854
-0.00546799
0.00601049
0.0101952
0.000224139
-0.0117617
-0.020894
-0.0134594
-0.0106371
-0.0135969
-0.00562547
0.00700899
0.00354435
-0.00434023
0.00337314
-0.00129872
-0.00172617
-0.00230457
-0.00391673
-0.00121542
0.012295
0.0130446
0.0114328
0.0031234
-0.00571673
-0.00424733
-0.00476232
-0.00313791
-0.00370849
0.0140375
0.0126065
0.00709757
-0.00863786
-0.0170605
-0.013983
-0.0111229
-0.0119792
-0.00380205
0.00784097
-0.00149926
-0.0072668
-0.0124548
-0.0197864
-0.0149161
-0.00961049
-0.00827321
-0.00110983
0.00565089
-0.00364789
-0.00678633
0.00957358
-0.00024818
-0.0053351
-0.00509871
-0.00218587
-0.00135435
0.0155319
0.0123944
0.00979922
0.00927444
-0.00116576
-0.0068691
-0.00541133
-0.00100107
0.00172288
0.0122904
0.016704
0.0125784
-0.0150066
-0.0181142
-0.0109664
-0.0081306
-0.00544885
-0.00216286
0.00516
-0.00265265
-0.00810221
-0.0129842
-0.0154799
-0.0108816
-0.00787748
-0.00253577
0.000938755
0.00731103
-0.0035443
-0.00678718
0.00642561
-0.00856648
-0.00669648
-0.00545814
-0.00266828
-0.000403517
0.0066335
0.0177755
0.011427
0.00167269
-0.0139053
-0.00929356
-0.0077955
-0.00221613
0.000765341
0.00863772
0.0110836
0.0122352
-0.0101225
-0.013862
-0.0115659
-0.00871296
-0.00306405
9.08695e-06
0.00977656
-0.00305553
-0.0092708
-0.010448
-0.0136321
-0.0143128
-0.00884719
-0.00571992
-0.00262294
0.00834785
-0.00534523
-0.00659818
0.00614322
-0.0148455
-0.0120345
-0.00867084
-0.00123941
0.00144207
0.0116111
0.0108859
0.0111475
0.00708793
-0.0099773
-0.0115024
-0.00945154
-0.002065
-0.000635545
0.00857586
0.0121332
0.0121478
-0.00870364
-0.0121237
-0.0125646
-0.0106401
-0.00851073
-0.00274822
0.0112988
9.89395e-05
-0.00532134
-0.00778322
-0.00975334
-0.0109012
-0.00963787
-0.00959728
-0.000845451
0.0109903
0.00171659
-0.00906076
0.00581846
-0.0094564
-0.00725648
-0.00707668
-0.00471444
0.00101767
0.0127187
0.00669094
0.0101734
0.0104223
-0.00622627
-0.00043276
-0.00139684
-0.00505675
0.00617048
0.018088
0.00907676
0.0118696
-0.00987712
-0.00779595
-0.00839718
-0.00683708
-0.00700298
-0.00141541
0.0054344
0.00111625
-0.0109799
-0.00712642
-0.00856797
-0.0110093
-0.00928231
-0.00901088
-0.00262049
0.00857512
0.00316437
-0.00216892
0.0100782
-0.00273473
-0.00530876
-0.00343695
-0.00409703
0.00223401
0.013533
0.0107589
0.00970127
0.010555
-0.00077946
-0.00967589
-0.00945092
-0.00666421
-0.000713832
0.0144256
0.0102403
0.00816823
-0.0034985
-0.00657916
-0.00536633
-0.00690711
-0.00372655
-0.00201396
0.00952912
0.00751002
0.00178
-0.0110087
-0.0105484
-0.0127157
-0.0095986
-0.00580373
-0.00577477
0.00426004
0.0028052
-0.00595418
0.00993575
0.00110741
-0.00312494
-0.00694173
-0.00154901
-0.000697311
0.0153838
0.0141182
0.00889936
0.000325357
-0.00766709
-0.0113277
-0.0090186
-0.00299972
-0.0052782
0.0146905
0.0126274
0.00810596
-0.0121554
-0.0128012
-0.0165561
-0.00936293
-0.00234149
-0.000907933
0.00611193
0.00366198
-0.00222676
-0.0149431
-0.0107905
-0.0102518
-0.00365957
0.00148765
0.00268227
0.00560741
-0.00271031
-0.00680725
0.0017097
-0.00477448
-0.0121557
-0.00558488
-0.00248302
0.000347827
0.0192734
0.0156865
0.00979555
0.00576845
-0.00497945
-0.00524423
5.14413e-05
0.00275625
0.00705735
0.0195153
0.0137078
0.00841312
-0.00651765
-0.00536339
-0.00515417
-0.00329512
-0.000912593
-0.000252224
0.00377795
-0.00464121
-0.00943625
-0.00319168
-0.00431446
-0.0076074
-0.00421721
-0.00272005
-0.00532228
0.0054237
-0.0011633
-0.00580989
0.0097203
-0.00261121
-0.00205927
0.0046171
0.000604212
0.00298628
0.0135948
0.00858636
0.00492064
0.0114959
-0.00143065
-0.0045613
0.00122896
-0.00305475
-0.00321367
0.0105645
0.00971321
0.00807714
-0.00303644
-0.00574368
-0.00621598
-0.00285307
-0.00215286
-0.00478138
0.00869747
0.000692913
-0.00466012
-0.0040585
-0.0110556
-0.00725381
-0.00192232
-0.00364073
0.0018859
0.00813136
0.00291867
-0.0039744
0.00650093
-0.00165694
-0.00150325
-0.00219146
-0.003426
-0.00337405
0.0117294
0.00705829
0.00805399
0.00361494
-0.00267249
-0.000115743
-0.000918979
-0.00521519
-0.000760692
0.0125785
0.00718301
0.00625954
-0.0055808
-0.0121128
-0.00987581
-0.00205055
-0.00293225
0.00554514
0.00850851
0.00577494
-0.00230147
-0.00493027
-0.0128933
-0.0133456
-0.00641579
-0.0065013
-2.00032e-05
0.00590724
0.00149522
-0.00170202
0.00203975
-0.000798269
-0.00252192
0.00139815
-0.00112029
0.00703187
0.0141946
0.00793767
0.00561198
0.00843749
0.000646756
-0.00533058
-0.00161687
-0.00194087
0.00542986
0.00817596
0.00412661
0.00379208
-0.00203989
-0.00621873
-0.00586352
-0.00525945
-0.00634605
-0.00521619
0.00429369
-2.51064e-05
-0.00316195
-0.00393991
-0.0100881
-0.00566684
-0.00155451
-0.00280313
-0.0063975
-0.000911261
-0.00327066
-0.00455011
0.0139417
0.00587384
0.000295161
-0.00122776
-0.00139581
0.0012157
0.00898757
0.00529998
0.0025099
0.00890841
0.00252295
0.00361758
0.00256952
0.00305089
-0.000273954
0.00933793
0.00812806
0.00599388
-0.00148196
-0.00824199
-0.00789621
-0.0018026
-0.00270201
0.00129389
0.00560002
-0.00406866
-0.00782825
-0.00294382
-0.00154899
-0.00434732
-0.00220874
-0.00218828
0.00793221
0.00577849
0.000835072
-0.00574976
0.00467429
-0.00351041
-0.00287451
0.000967117
0.00012633
0.0046575
0.0164025
0.00683519
0.00405706
0.00532774
-0.000392498
-0.00398939
-6.81476e-05
0.001261
0.0108442
0.0184601
0.00884335
0.00257023
-0.00449328
-0.00123799
-0.00169878
0.00203807
0.000561871
0.00721308
0.00207689
0.00153064
-0.00641379
-0.0110717
-0.0111855
-0.0055176
0.000611356
0.000817696
0.00408518
0.00176472
-0.00224859
-0.00794655
0.00181289
0.000832814
0.00217307
0.00146223
0.0011609
0.0111772
0.0130479
0.00612567
0.00491056
-0.00617054
-0.00681479
0.000623669
-0.0026542
0.000731638
0.00866513
0.0107487
0.00648687
0.00316557
-0.00713455
-0.00703432
0.000482889
0.00316872
0.00701136
0.00695743
0.00722529
-1.71654e-05
-0.00651979
-0.00777078
-0.00653975
-0.00222272
0.00191256
0.0110522
0.00223935
0.00257633
-0.00316007
-0.00886166
-0.00157994
-0.000120949
0.00230256
0.00255416
0.0101396
0.00967038
0.0124609
0.0105163
0.00392734
-0.00462815
-0.00306016
-0.00208929
0.000327216
0.00759547
0.00556237
0.0100171
0.00498615
-0.00231764
-0.00347134
-0.0038073
-0.0034251
0.00466124
0.0104579
0.000534205
0.00249829
-0.00623114
-0.00572411
0.00062592
0.0013687
0.00223419
0.0125557
0.010896
0.00845026
0.0013711
-0.00280054
0.000311462
-0.00230221
-0.00153432
-0.00270712
0.00717354
0.00675218
0.00776524
0.00668718
-0.00359892
-0.00468191
0.00145946
0.00164612
0.000436048
0.00717867
0.00545391
0.00862151
0.00684692
-0.00189372
0.00306974
-0.00258624
-0.00252726
-0.00167312
0.0065429
0.013644
0.0105335
0.00305217
0.00034926
0.00195115
-0.00445037
-0.00283632
-0.000697591
0.00287861
0.0114165
0.00767856
0.00466534
-0.000733497
-0.00392761
0.00234522
0.000538294
-0.00386109
0.00457152
0.00792965
0.00846415
0.00631278
-0.00467239
0.00116521
-9.15094e-05
0.00146421
-0.00187654
-0.000166596
0.00888868
0.00135423
0.00339408
-0.00900008
-0.00473059
-0.000578705
-0.00231661
0.00178271
0.00059371
0.00792945
0.00265038
0.00458319
-0.00314093
-0.00401257
0.0063304
-0.00266438
-0.000259735
-0.00651358
0.00813679
0.00435702
0.00431685
0.00179112
0.00588858
-0.00178612
-0.00116131
-0.00250653
-0.00438061
0.00290877
0.00115527
0.00091226
-0.00511997
-0.00219984
0.00599706
-0.00187898
-0.00299865
-0.00449205
0.00299701
0.00961285
0.00593669
0.0052029
0.00556828
0.00625034
-0.00684503
-0.00555198
-0.00490822
0.00114169
-0.00375695
-0.00516997
-0.0052207
0.00723056
0.00678443
-0.00506151
-0.00432707
0.00347217
0.00355155
-0.00268726
-0.00443118
-0.0029808
0.00810253
0.000376592
-0.00669715
-0.00591657
-0.00419084
-5.39584e-05
0.00165309
-0.00197246
0.00043624
0.00433763
0.0105316
0.00339929
0.00023955
0.00944865
0.00687166
0.00576504
0.00151741
0.00521685
0.012646
-0.00749348
-0.0065436
-0.00666955
-0.00556448
-0.00385656
-0.00119322
0.000114381
0.00461024
0.00907288
-0.00183684
-0.0058649
-0.00623763
-0.00400531
-0.00426673
-0.00220311
-0.00127136
0.00661869
0.0114796
0.00276094
-0.00848597
-0.00554148
-0.00480809
-0.00463548
-0.0089121
-0.00664222
0.00313518
0.00783922
0.00531326
-0.00719786
-0.00838133
-0.00752946
-0.00468428
-0.0063661
-0.00717932
0.0114334
0.0061125
-0.00758458
-0.00898191
-0.00636315
-0.00387849
-0.00542439
-0.00346678
-0.00249868
0.00756304
0.0104407
-0.00197453
-0.010997
-0.00820731
-0.00410024
-0.0053663
-0.00435668
-0.00103746
0.00716196
0.010119
0.00388955
-0.0122224
-0.0110149
-0.0105381
-0.00530781
-0.00466957
-0.0059131
0.00869401
0.00687827
0.00516507
-0.0106829
-0.0104343
-0.00875832
-0.00498547
-0.00391595
-0.00445845
0.0105186
0.00715902
-0.00109746
-0.0130039
-0.00877334
-0.00468593
-0.00592175
-0.00373054
-0.000889512
0.00728369
0.00801254
-0.00396617
-0.00964014
-0.00921733
-0.0046808
-0.00456739
-0.00596986
0.00109143
0.00462805
0.00535338
0.00679404
-0.0129192
-0.00937183
-0.00675159
-0.00453192
-0.00410095
-0.00360096
0.00881104
0.00876694
0.00828747
-0.0124507
-0.00748736
-0.00569791
-0.00690639
-0.00673003
-0.00764394
0.00561496
0.00761743
-0.00137531
-0.00773985
-0.00865261
-0.00650636
-0.00770547
-0.00702889
0.00353774
0.00584142
0.0100869
-0.00285736
-0.00614518
-0.0060915
-0.00762807
-0.00984099
-0.00754927
0.00549865
0.00785572
0.00835185
0.00606048
-0.00812415
-0.00649561
-0.00362635
-0.0107459
-0.00488178
-0.00707859
0.000966602
0.00409824
0.00208286
-0.00850648
-0.00613633
-0.00496514
-0.00979066
-0.00176539
-0.000191271
0.00731256
0.00312855
-0.00379047
-0.00591362
-0.00425751
-0.00378145
-0.00635868
-0.00372304
0.00417578
0.00946007
0.00556768
-0.00397296
-0.00867267
-0.00550227
-0.00316126
-0.00529816
-0.00345287
0.00532937
0.00965413
0.00659379
-0.00496255
-0.00863513
-0.00616662
-0.00507207
-0.0042912
-0.00240162
2.8119e-05
0.0107427
0.00279818
-0.00229218
-0.00912682
-0.00902283
-0.00577233
-0.00518784
-0.00531022
0.00523754
0.00415313
0.00323095
-0.00310628
-0.00859458
-0.00551196
-0.00428962
-0.0103102
-0.00495671
0.00708955
0.0131768
0.0111514
-0.000283077
-0.00445421
-0.00448573
-0.00428986
-0.0114595
-0.00158392
0.00587822
0.0157687
0.0182284
-0.000367844
-0.00795949
-0.00958865
-0.00492586
-0.0109681
-0.0101832
0.00204475
0.00333025
0.00224218
-0.000175671
0.00179168
-0.00876558
-0.00594204
-0.0130881
-0.00800875
-0.000581482
0.00751747
0.0096229
0.00212939
-0.00330119
-0.00501683
-0.00339404
-0.0120598
-0.00152956
0.00670689
0.0177953
0.018091
0.0011684
-0.00761102
-0.00788902
-0.00795534
-0.0115384
-0.00501605
0.00477344
0.0153534
0.0117231
-0.00198454
0.0017703
-0.00610081
-0.00462923
-0.0119142
-0.00770217
3.71765e-05
0.0109173
0.00778016
-0.00561078
-0.00637101
-0.00943471
-0.00946421
-0.0121912
-0.0108364
-0.000254592
0.00771327
0.00250911
-0.000538911
-0.00839754
-0.00829525
-0.00410947
-0.0081172
-0.00236799
0.00556195
0.0168711
0.00947476
-0.00434761
-0.00892189
-0.00879464
-0.00301854
-0.00689318
-0.000860189
0.00772336
0.0144724
0.00696207
-0.0107174
-0.00703943
-0.0105236
-0.00400509
-0.00666571
-0.0031166
0.00398761
0.0128921
0.00180817
-0.0129408
-0.00867989
-0.00941305
-0.00472455
-0.00210162
0.00117595
0.0103553
0.0130665
0.00260388
-0.00162574
-0.00575216
-0.0040906
-0.00224756
-0.000926986
0.00115309
0.0105363
0.0142291
0.00955644
-0.00138573
-0.00712351
-0.00528563
-0.00434724
-0.00156388
-0.000940574
0.00648939
0.00567032
0.00363732
-0.00874574
-0.0150588
-0.00710019
-0.00343572
0.000806418
0.0037322
0.0146952
0.015178
0.00388541
-0.00881652
-0.0140608
-0.00674245
-0.0046221
-0.0010359
0.00373046
0.0102547
0.012
-0.00350351
0.00168956
-0.00235173
-0.00424067
-0.00290676
-0.000227949
-0.000215063
0.00749614
0.00859538
0.00443205
-0.000449715
-0.00769366
-0.0040158
-0.00276359
-9.11359e-05
0.00240105
0.0107086
0.0123322
0.00484926
-0.00891536
-0.0114068
-0.00553561
-0.00384901
0.000265693
0.0033538
0.0124078
0.0103929
-0.00282375
-0.00496974
-0.0124248
-0.00643589
-0.00575682
-0.0028652
0.00152449
0.0120492
0.0085567
0.000166614
-0.00549166
-0.0113931
-0.00540997
-0.00300672
-0.0015858
2.69044e-06
0.00952065
0.0170069
0.00395587
-0.0117718
-0.0167431
-0.00800217
-0.004768
-0.001302
0.000636303
0.00663367
0.0137165
0.00457247
-0.00539853
-0.0119415
-0.00741009
-0.00324295
-0.0039479
-0.00453335
0.0081192
0.0142734
0.00370927
-0.00795657
-0.0154792
-0.00855507
-0.00327563
-0.00256415
-0.00305234
0.00735883
0.0173201
0.00424583
-0.00946789
-0.0164665
-0.00906542
-0.00577061
-0.00153252
-1.07821e-05
0.00810523
0.0115072
0.00592482
-0.00568975
-0.0156865
-0.0109259
-0.00686381
-0.00224135
-0.00237145
0.00471139
0.00890633
0.00791301
-0.00747212
-0.0180473
-0.00938485
-0.00370492
-0.0011506
0.00254737
0.00542616
0.0179794
0.00746284
-0.00526401
-0.0158991
-0.0158421
-0.00447973
-0.000540532
0.0026323
0.00615357
0.0158
0.0082908
-0.001445
-0.0107117
-0.00657333
-0.00384895
-0.00446898
0.000382372
0.0053836
0.00782364
0.0084574
0.00198648
-0.00792615
-0.00213358
-0.00121339
-0.00560548
0.000101196
0.00556631
0.00764984
0.00936049
-0.00716918
-0.0142793
-0.0128611
-0.00341876
-0.00210624
0.00167375
0.00218093
0.0138863
0.00640386
0.00225624
-0.011037
-0.00844714
-0.00202926
-0.00619442
-0.0011332
0.00689552
0.0116369
0.00406675
0.0051331
-0.00654097
-0.0036034
-0.00337886
-0.00560909
-0.00307598
0.00305063
0.00528819
0.00991896
0.00234794
-0.00582095
-0.00742748
-0.00509539
-0.00753612
-0.0044736
0.00168953
0.00451265
0.00295376
0.00502159
-0.00740233
-0.00406388
-0.00456649
-0.00605476
-0.00636751
0.00238777
0.00983395
0.00526325
0.00709484
-0.00277101
-0.00648543
-0.00542412
-0.00571825
-0.00318149
-2.06853e-05
0.0107502
0.00374386
0.00102527
-0.0090874
-0.00743096
-0.00695508
-0.00592064
-0.0038083
0.00292245
0.00640898
0.00521388
-0.00532883
-0.0129764
-0.00881758
-0.00908681
-0.00698889
-0.00459897
0.0059728
0.00510476
0.00518322
0.00214444
-0.00739112
-0.00796846
-0.00603005
-0.00445595
-0.00215476
-0.000387947
0.018425
0.00639846
-0.00115882
-0.00863175
-0.00634684
-0.00762497
-0.00586295
-0.00440066
0.00646355
0.0183976
0.00904821
-0.00292325
-0.0104872
-0.00701473
-0.00845526
-0.00791933
-0.00267834
0.00908055
0.00558384
0.00188845
-0.000205396
-0.00790221
-0.00452857
-0.00642278
-0.00786232
-0.000553168
0.00775426
0.00215152
0.00103654
0.00483961
-0.00867737
-0.0046596
-0.00862242
-0.00752276
-0.00436067
0.00785996
0.0189193
0.00827894
0.00611427
-0.00761384
-0.00272432
-0.00764743
-0.00728267
0.000129122
0.009627
0.0158676
0.00623704
-0.000273191
-0.0061684
-0.00499158
-0.00428175
-0.0067011
0.00123582
0.0061424
0.00459049
0.000860415
-0.00229343
-0.00765165
-0.0057933
-0.00302228
-0.00570016
-0.000335156
0.00420879
0.00210902
-0.0022087
0.00379245
-0.00257106
-0.00248225
-0.00400426
-0.00631572
0.00291315
0.0126903
0.01705
0.00307128
0.00300355
-0.00285979
-0.00482379
-0.00179204
-0.0043497
0.00125818
0.0150177
0.014055
0.00591117
0.000592018
-0.00591653
-0.0027234
-0.00227263
-0.00154336
0.000508136
0.00801676
0.00342902
0.00103253
-0.000841417
-0.00699459
-0.00375216
-0.00234711
-0.00195001
0.000973517
0.00764975
0.00204235
0.00146515
0.00306153
-0.00776013
-0.00507455
-0.00186678
-0.00131497
0.00214619
0.0115376
0.00682574
0.00614836
0.00264645
-0.00672905
-0.00351994
-0.00381614
-0.00206072
-0.000475158
0.00726625
0.0100377
0.00594678
-0.00479697
-0.00689448
-0.00376764
-0.00109216
-0.00104865
0.00263383
0.00670538
0.00553942
0.00707456
-0.00104004
-0.00417253
-0.00386825
-0.00374606
-0.00489321
0.000915184
0.0030794
0.00311479
-0.00137241
-0.00216366
-0.00511124
0.000745842
-0.003689
-0.00185255
0.000318556
0.0103663
0.0097273
0.00558945
-0.00181708
0.000656194
0.00271671
-0.0018558
-0.00358338
0.00119229
0.0101865
0.00547244
0.00286827
0.0047485
0.000532527
0.000343423
-0.00191903
-0.00437354
-0.000860266
0.00292938
0.00462139
-0.00208177
0.00568422
-0.00196468
-0.000324078
0.00178148
-0.00110592
0.000393175
0.00668947
0.00354153
0.00189713
0.00429884
0.00191024
0.00320874
0.00340304
-0.00392495
0.00257375
0.00743891
0.00406317
-0.000147641
0.00735549
-0.00596507
0.00121362
0.00242032
-0.00320435
0.00265319
0.00934247
0.00534642
0.00111775
0.00272817
-0.00425543
-0.00453134
0.000521852
0.0011004
0.00122407
0.00845547
0.00629381
0.00457992
-0.000177249
-0.00645285
-0.00566005
-0.00321652
-0.00233002
-0.00163586
0.00634803
0.00628728
0.00589841
0.0024251
-0.010881
-0.00248414
0.00187157
-0.00163904
0.00257178
0.011001
0.0094082
0.00517691
0.00581414
-0.00479499
0.000170872
0.000453448
0.00149158
-0.000705981
0.00769571
0.0097643
0.00288225
0.00176854
-0.00325428
-0.00171302
-0.00146682
-0.00306017
-0.00013374
0.00635258
0.00574642
0.00549325
-0.00381213
-0.00655526
-0.00484658
-0.00382723
-0.0026784
0.000643548
0.00628109
0.00586347
0.00126582
0.00740545
0.000884235
0.00113783
0.000843598
-0.000755056
-0.00211231
0.0057369
0.0092264
0.00643039
0.00572902
-0.00235044
-0.00649607
-0.00410163
-0.00265207
-0.00204778
0.0119067
0.00939307
0.00550549
-0.0066244
-0.00456227
-0.00348208
-0.00187406
-0.00295155
0.000377042
0.00752801
0.0097468
-0.00204379
-0.00659895
-0.00615024
-0.00634134
-0.00100362
-0.00195728
0.00348047
0.00922403
0.0066961
-0.00634104
0.00440634
-0.00206042
-0.00695869
-0.00482261
-0.00317607
-0.0031188
0.0104005
0.0135445
0.00520304
0.00115257
-0.00845104
-0.00918207
-0.00197728
-0.00226844
0.00290526
0.0168625
0.014216
-0.000235326
-0.00671983
-0.00764494
-0.00891537
-0.00233859
-0.00263022
0.00286835
0.00197606
-0.00247365
-0.00252939
-0.00237669
-0.00797899
-0.00900602
-0.00199086
-0.00150116
-6.77273e-05
-0.00308965
-0.00503668
0.00457894
0.00486891
-0.00401823
-0.008016
-0.00290365
0.00139866
0.00985876
0.0133015
0.00936387
0.00861509
0.00778626
-0.00379347
-0.00383086
-0.00224168
0.000763608
0.00525266
0.00634102
0.0112117
0.00940006
0.0011164
-0.00675258
-0.00957578
-0.0018461
0.000839437
0.00420203
0.00103938
-0.00031054
0.00325326
-0.00100547
-0.0123701
-0.013672
-0.00421879
0.0018075
0.00310972
0.00241277
-0.00099
-0.0034989
0.00391407
-0.00801654
-0.00739913
-0.00257959
0.0021337
0.00839237
0.0098351
0.0179024
0.0127743
-0.00308949
-0.0101915
-0.0160748
-0.00384857
0.00683698
0.010095
0.0143098
0.0157904
0.00791423
-0.000618489
-0.00638257
-0.00423764
-0.00532446
0.00101085
0.00370664
0.00159548
-0.00156439
-0.00289562
0.00331909
-0.00256529
-0.00301425
-0.00411466
-0.00192176
0.00276607
-0.00133526
-0.00180583
-5.5716e-06
0.0022684
-0.00977672
-0.00706179
0.000761239
0.00629945
0.0104119
0.0100951
0.00572762
0.00554307
0.00621473
-0.00844158
-0.00435125
0.00532464
0.00451588
0.00684519
0.00898378
0.00560607
0.0115164
0.00654717
-0.00415435
-0.00518626
-0.000531314
-0.00187136
0.00095883
0.00169612
-0.00258652
0.00368899
0.00699646
-2.73124e-05
-0.0021363
0.00368334
0.00120093
0.00167319
0.00181192
0.00236239
0.00478356
0.00806096
-0.00508948
-0.0019934
0.00316075
-0.00148412
0.00171949
0.00505705
0.000164875
0.00970438
0.00542139
0.00481265
0.00283555
0.00383161
0.00168083
0.00196256
0.0028685
-0.00404395
0.00740009
0.008473
-0.00429683
-0.00533852
-0.00420749
-0.00539162
-0.00895441
-0.0079352
0.00452536
0.00736414
0.0102799
-0.00357533
-0.00687807
-0.0049698
-0.00559894
-0.0063571
-0.00878696
0.00907985
0.0107343
0.00895009
-0.011677
-0.01393
-0.00688783
-0.00786239
-0.00995099
-0.00359312
0.00581886
0.00890959
0.0101883
-4.39009e-05
-0.0094741
-0.00316803
-0.00614672
-0.0110117
-0.00447191
0.00847252
0.00599787
0.00861105
-0.00497376
-0.00925119
-0.00654395
-0.00440689
-0.00449445
-0.00585471
0.00309943
0.0102893
0.00991028
-0.00163478
-0.0086258
-0.0063469
-0.00490428
-0.00432386
-0.00638841
0.0042021
0.0104076
0.00756363
0.0021804
-0.00575884
-0.00391222
-0.00532782
-0.00471839
-0.00572105
0.00104309
0.00502848
0.00766004
0.00249915
-0.00408856
-0.00507134
-0.00539179
-0.00521057
-0.0112318
-0.0041889
0.00463659
0.0116273
-0.00234271
-0.00590723
-0.00589146
-0.005775
-0.00281331
-0.00542523
0.00110233
0.0122558
0.0155335
-0.00549541
-0.00781023
-0.00587359
-0.00609039
-0.00435893
-0.00762314
-0.000877902
0.0133109
0.00857015
-0.000219053
-0.00368732
-0.00468247
-0.00502953
-0.00633933
-0.0117817
-0.00583017
0.00620864
0.0111077
0.000691136
-0.00651447
-0.00624962
-0.00544626
-0.00613172
-0.0101879
-0.00688483
0.00646019
0.0186018
-0.00448994
-0.0064026
-0.00456261
-0.00480649
-0.00246772
-0.0086641
-0.00190435
0.0110142
0.0130178
-0.00235273
-0.00288704
-0.00210649
-0.0057447
-0.0040476
-0.00575952
0.00176842
0.00668045
0.00997657
7.61265e-05
-0.00557261
-0.00580996
-0.0037435
-0.00501095
-0.00964225
-0.000479315
0.0087119
0.00206338
-0.0048469
-0.00419986
-0.00229141
-0.00474094
-0.00794896
-0.00565362
-0.000978885
0.00741982
0.00821341
-0.00133753
-0.00258753
-0.00155568
-0.00453682
-0.0027533
-0.00340809
0.00674482
0.00551298
0.00835871
0.00138503
-0.0044546
-0.00356575
-0.00520151
-0.00318918
0.000933825
0.00351342
0.00644176
0.00449141
-0.00518491
-0.00508212
-0.000386034
-0.00423908
-0.00425595
-0.00708858
-0.00116181
0.00627266
0.00318392
-0.00419748
-0.00660038
-0.00319166
-0.00441304
-0.000471414
-0.00369068
0.00188752
0.0039228
0.00725498
0.00256043
-0.00328403
-0.00326719
-0.00582391
-0.00478204
0.00173238
0.00549166
0.0069525
0.00403428
0.0044342
-0.00299859
-0.00329678
-0.0056942
-0.00407887
0.000627029
0.00611978
0.00767648
-0.00102732
-0.00817107
-0.00353923
-0.00381997
-0.00523181
-0.000496435
0.00353588
0.0108112
0.00636073
-0.00311883
-0.00878999
-0.00532503
-0.0038506
-0.00427577
-0.000177602
0.00370574
0.0102775
0.00347947
0.0044675
0.00380803
-0.0011107
-0.000794682
-0.00316157
-0.00177655
0.0020929
0.0097954
0.00921244
-0.000753075
6.35943e-05
-0.000789685
-0.00206295
-0.00925267
-0.008021
0.00691772
0.0131219
0.0026633
-0.000103502
-0.00774021
-0.00279816
-0.00201493
-0.00288059
0.00051035
0.00554111
0.0140786
0.00747692
-0.00377481
-0.00187553
-0.00028209
-0.00722301
-0.00702481
-0.00285999
0.00601563
0.0170422
0.00459954
-0.000705749
-0.000624288
-0.000889463
-0.00191888
-0.00835354
-0.00229378
0.00959106
0.0186978
0.00209634
-0.00356696
-0.00205931
-0.00339866
-0.00137713
-0.000697677
0.00290367
0.0111821
0.0138782
0.00402392
-0.00281884
-0.000710302
0.000932928
-0.00420606
-0.00762931
-0.00225596
0.00321982
0.0168708
0.00364649
0.000795686
0.001957
-0.000912216
-0.00167413
-0.00613437
-0.0016559
0.00557556
0.00941935
0.00427805
-0.00340532
-0.00585898
-0.000787255
0.00184956
0.00148521
0.00425854
0.0111473
0.0150077
0.00308297
-0.0057923
-0.00920246
-0.000531538
0.00324797
0.00125557
0.00753536
0.0110563
0.014655
0.0027158
-0.000625651
-0.00282328
0.000676702
0.000631333
-0.000827258
0.00158479
0.00590909
0.00639496
0.00215637
-0.00529786
-0.00715572
-0.00169599
-0.00017337
-0.00239303
0.00521815
0.00509239
0.0100461
0.000467297
-0.00537498
-0.00578782
0.00108951
0.000233915
0.00289393
0.0108816
0.0155484
0.00844407
0.00186832
-0.00123774
-0.00291588
0.000677628
-0.0016718
0.00124326
0.00803519
0.012298
0.00492383
0.000518915
-0.00291164
-6.09103e-05
0.00317647
0.000596825
0.00119999
0.00980604
0.0095628
0.00465702
-0.00201415
-0.0012615
0.00202009
0.00298453
0.00143617
0.00421218
0.00887578
0.00793724
-0.00117886
-0.00371312
0.000750568
-0.000148324
-0.00212582
0.00114852
0.000555787
0.00334259
0.0085769
0.00874652
0.00386176
-0.000245879
-0.000936491
-0.00579058
-0.000761521
-0.000342406
0.00077157
0.00733402
0.0108038
0.00366874
-0.00269472
0.00111295
-0.0022689
0.000920646
0.00150484
0.00323411
0.00417443
0.00527155
0.000679857
-0.0017075
0.00124352
-0.00412652
-0.00211204
0.00167855
0.00330892
0.0111358
0.00806746
0.00306639
-0.00168358
-0.00336229
-0.00320317
0.00222455
0.00170654
0.00776932
0.0133475
0.014421
0.000905526
-0.00646837
-0.00647419
-0.00650822
0.00398046
0.00388952
0.010913
0.0151687
0.01413
0.00134831
-0.00247197
0.0011036
0.00183282
0.00479075
0.00392954
0.00981345
0.012071
0.0111125
-0.00142235
-0.00413612
0.000359898
0.0035038
0.00689072
0.00305714
0.00725472
0.00778708
0.00799119
-0.00374578
-0.00477977
-0.00860339
-0.00769845
0.00130851
0.00283486
0.00744165
0.0135495
0.0148915
0.00196968
0.00189811
-0.00760674
-0.00276001
0.000683887
0.00214247
0.00896361
0.0170318
0.0133874
0.00258994
-0.00587397
-0.0033544
0.00127792
0.00277962
0.003419
0.00869112
0.00955607
0.00555663
-0.00213734
-0.00643977
-0.00418125
0.00414383
0.00695945
0.00877964
0.0171128
0.0168216
0.00651053
-0.00133547
0.00151087
-0.0056438
-0.00244394
-0.00228342
0.000283756
0.0058898
0.0172551
0.018111
0.00284691
0.00393375
-0.00536834
-0.00112655
0.00104452
0.00145851
0.00699545
0.0089258
0.0165636
0.00453914
-0.0113749
-0.00803652
-0.00135763
0.00201835
0.0060906
0.0121968
0.0184433
0.0093561
-0.0018211
-0.0111202
-0.0104438
-0.00279793
0.00525393
0.00416833
0.00665448
0.0118965
0.00890328
-0.00159666
-0.00138575
-0.00841397
-0.00395666
0.00128213
0.0018192
0.00475043
0.00537158
0.0136285
0.00535372
-0.00150637
-0.00463794
-0.0024401
-0.000333508
0.00207202
0.00577581
0.0135615
0.0122201
0.00599489
-0.00880468
-0.00910765
-0.00379736
0.00613003
0.00581865
0.00403698
0.00834414
0.00716632
0.000586247
-0.00656435
0.000964576
0.00199745
0.00721645
0.00928876
0.0118439
0.016054
0.00613158
-0.00467122
-0.00312898
-0.00684603
-0.00104705
-0.00161341
-0.00370986
0.00243476
0.015493
0.0134681
0.00537424
-0.00338711
-0.00731041
0.000689451
-2.01849e-05
-0.00649849
0.00259126
0.0114433
0.00958256
0.00349362
-0.0109628
-0.00396027
0.00194208
0.00563536
0.00281158
0.00841509
0.0180102
0.0111768
-0.00300453
-0.00939841
-0.00690707
0.00135536
0.00261231
-0.00352536
0.00230222
0.0144901
0.0109495
0.000848134
-0.00205065
-0.00695755
0.0001558
0.00310733
-0.00219247
0.00611405
0.012503
0.0119249
0.00146682
-0.00104681
-0.00420732
0.000630413
0.001315
-0.000946082
0.00634558
0.0124624
0.0086699
-0.000829863
-0.00707548
-0.00611182
0.00311065
0.00574378
-0.000315225
0.00658274
0.0123478
0.0118501
0.00274198
-0.00347216
-0.00640647
0.00440827
7.49434e-05
0.00261418
0.00779939
0.0128441
0.00651857
0.000108634
0.00301591
-0.00116629
0.00123755
0.000676997
0.00276233
0.00646545
0.0117918
0.0063569
0.00395177
0.00226299
-0.00470685
-0.00312002
-0.000876559
0.00271506
0.00306349
0.00653918
0.00872775
0.00417117
-0.00166248
-0.0017034
0.00138188
-0.00131357
0.00281598
0.00870862
0.0133038
0.00870015
0.00136357
-0.00203133
-0.00496957
-0.0016906
0.00227326
0.00410028
0.00292625
0.0132864
0.00493111
0.00192294
-9.71188e-05
-0.00362225
-0.00079608
-0.00177325
0.00255544
0.00626683
0.00721641
0.00826747
0.00634566
0.000668281
-0.00203098
0.00339334
0.00153271
0.00475676
0.00907406
0.00571941
0.00302476
-0.000730544
-0.0022027
-0.00428598
-0.000746651
0.00410502
0.00526894
0.00510945
0.0121421
0.00292011
-0.000311089
-0.000461192
-0.00579811
0.00288405
0.00784548
0.00529372
0.00861114
0.0125716
0.00269455
-0.00401774
-0.000529782
-0.00415571
0.000177638
0.00160814
0.00221994
0.00422626
0.0056826
0.00348299
-0.000351026
-0.00179071
-0.00901322
-0.00241112
-0.000207037
-0.000135271
0.00227316
0.00592416
0.00862303
0.0067757
-0.000606975
-0.00445571
0.00196107
0.00499811
0.0027721
0.00550118
0.0107724
0.00592186
-0.00138552
-0.000419873
-0.00456355
0.00239755
0.00320687
0.00509131
0.00682123
0.012486
0.00691061
0.00206941
-0.00393648
-0.011543
-0.00364535
0.00202746
0.000921235
0.00316036
0.00748277
0.00864362
0.00534581
0.00322971
-0.00564486
-0.00180285
0.00293915
0.00365628
0.00280918
0.00683944
0.00184658
0.00144359
9.62873e-05
-0.00732614
0.00121028
0.00555828
0.00382373
0.00340323
0.0104011
0.0067993
0.000746389
0.000762761
-0.00635842
-0.00192576
0.00416374
0.0018266
0.00333481
0.0102451
0.0050808
0.00248561
0.00675918
-0.00104145
-0.000956119
-1.99165e-05
0.00177603
0.00099336
0.00177129
0.000910598
0.00104416
0.00334083
-9.55723e-05
-0.0040629
-0.0019554
-0.000146772
0.00137844
0.00451469
0.0044487
0.000903181
-0.000459462
0.000536694
0.00177725
0.00343265
0.00296283
0.00458029
0.00300326
0.00420938
0.0046005
-0.00127544
0.0014161
0.00265861
0.00670824
0.00552406
0.00937759
0.00704718
0.00447052
0.000916477
0.00190837
-0.00384393
-0.00415393
0.000736365
0.00270139
0.000142117
0.00549344
0.00636778
2.07361e-05
8.30266e-05
-0.00580159
-0.00273864
0.00351569
0.0051838
0.0044287
0.011904
0.00756078
-0.00233671
-0.00374083
0.00116136
0.000494376
0.00672918
0.00495048
0.00604189
0.00924245
-0.000324374
-0.00301542
-0.00306862
0.00127063
0.00230887
0.0105623
0.00454695
0.00231152
0.00745086
0.00417306
-0.00025433
-0.00342334
-0.00866574
-0.00407846
0.00149295
0.00102296
0.00425885
0.013188
0.010469
0.00193492
-0.00131414
-0.00788336
-0.00540987
0.000519341
-0.00126416
0.000545951
0.00364268
0.00799953
0.008539
-0.00416435
-0.00398756
0.00394657
0.00725376
0.00249703
0.00272355
0.00667354
0.0117798
-0.00032837
-0.00107089
0.00494867
0.00161694
0.00403695
0.000947486
0.00295332
0.00622382
0.00837403
0.00063844
-0.00121355
-0.00721544
-0.00622234
0.000247999
0.000306908
-0.000779106
0.000165546
0.0118387
0.0156756
-0.00574045
-0.00800764
-0.00941469
-0.00241127
0.000438608
0.00030663
0.00144084
0.00737822
0.00636459
0.00533467
0.00573656
0.00224315
0.00474957
0.000329647
-0.00211209
0.00452476
0.00697091
0.00350347
-0.00360207
-0.00295724
-0.00245772
-0.00146114
-0.00418446
-0.00447418
0.00388492
0.00499334
0.00204398
-0.00165902
-0.0080225
-0.00937708
0.000693268
0.000953663
0.00112508
0.00573632
0.00533116
0.00552502
0.00406694
-0.0107904
-0.00769226
0.00130353
-0.00094697
-0.00210975
0.00110766
-0.00267957
0.00954209
0.00395911
-0.00687856
-0.00709952
-0.00360416
-0.00320543
0.00127932
-0.00377839
0.00236256
-0.0024196
0.00918554
-0.00345788
-0.00254952
0.000951381
0.00284567
0.000627597
-0.00269166
-0.00799437
0.00104459
0.00577178
-0.00860165
-0.00435536
-0.000502419
-0.00193555
-0.00157792
0.000815058
0.00107607
0.0124494
0.00726555
0.000455316
-0.000468828
-0.000932456
-0.00162181
0.000802709
0.000725531
-0.000269325
0.0117236
0.0139236
-0.00237654
-0.00507015
0.00182611
0.00409083
-0.00262761
-0.011793
-0.0099424
0.00530463
0.0110173
-0.00206847
-0.00490759
-0.00413815
-0.000800906
-0.00762544
-0.00882337
-0.00920127
0.00715377
0.00666253
-0.0151404
-0.0124387
-0.0064076
-0.00529069
-0.00804636
-0.0020111
0.00475709
0.00877022
0.00642288
-0.00224866
-0.0111392
-0.00480863
-0.00721123
-0.00735095
-0.00128003
0.00744644
0.00767884
0.0101379
-0.00548275
-0.00979984
-0.00671014
-0.00713227
-0.00821365
-0.00509206
-0.00343029
0.00929341
0.0128261
0.00373288
-0.0119381
-0.0070778
-0.0112156
-0.00759763
-0.00215313
0.00137683
0.0117743
0.00705836
-0.00252478
-0.00726851
-0.00309759
-0.00723535
-0.0043174
-0.00435395
0.00118302
0.00713046
0.00881951
-0.00387602
-0.00557499
-0.00375542
-0.00458347
-0.00457477
-0.00812008
-0.001814
0.00662426
0.0110893
0.000359854
-0.00744844
-0.00573134
-0.0107513
-0.00708541
-0.00280459
0.000640418
0.0119929
0.00889819
0.000834746
-0.0113072
-0.00687785
-0.00869884
-0.00687006
-0.00577643
-0.0028558
0.00811834
0.0106705
-0.00166137
-0.00380937
-0.00249056
-0.00262293
-0.00333433
-0.00284497
-0.00513023
0.00594508
0.0115182
-0.00233341
-0.00407464
-0.00294918
-0.00226866
-0.00190708
-0.00355584
-0.00464099
0.00903968
0.00740125
0.000340797
-0.00710793
-0.00309284
-0.00374111
-0.00278901
-0.00301889
-0.00335207
0.00698908
0.00379786
0.00392814
-0.00294137
-0.0015272
-0.002212
-0.00153543
-0.00831318
-0.000355089
0.00299239
0.00999034
-0.00377901
-0.00319435
-0.00183392
-0.000687113
-0.0017451
-0.00345331
-0.000382349
0.00790715
0.000507506
-0.0091876
-0.0041308
-0.0011143
-0.0019529
-0.00158265
0.00180369
0.000443193
0.00851415
0.00574466
0.00484139
-0.0027787
-0.00110325
-0.00150461
-0.00416317
-0.00664841
-0.00327155
0.0058024
0.00295905
0.00343073
-0.00182826
-0.000929152
-0.000580417
-0.00245076
-4.99383e-05
-0.00360624
0.00728677
0.00553545
-0.00650546
-0.00278092
0.0011329
-0.00246583
-0.00118834
-0.000592029
0.00139934
0.00628031
0.00844236
-0.00430459
-0.000429791
0.00290403
-0.00234255
-0.00397993
-0.00500877
-0.000613424
0.00517007
0.00382401
0.0055213
0.000724267
0.001386
-0.000508142
-0.0022612
-0.000636104
-0.00496823
0.00688094
0.00470224
-6.96156e-05
0.00371733
0.00231993
-0.00135821
-0.00839632
-0.00979087
-0.00900963
0.00395399
0.00711319
-0.0012673
0.00565469
0.00257933
0.00157099
0.000733757
0.00131195
0.00536592
0.0089609
0.0045485
-0.00382867
0.00344657
-0.00110129
-5.45113e-05
0.00329411
0.00309665
0.0091822
0.00691208
0.00319955
-0.0016242
0.00787181
0.00190584
0.000504002
-0.00574611
-0.00889409
-0.00441044
0.00589439
0.00447038
0.00360326
0.00246314
0.0010303
-0.0013535
-0.00308491
-0.00404306
-0.00249333
-0.000317563
0.00142227
-0.00165222
0.00330815
-0.000285267
-0.000368348
0.00144345
0.00601068
0.00840765
0.00249252
-0.00360045
-0.00386141
0.00328391
0.000773598
-0.000986286
0.00252643
0.0088108
0.012561
0.00188023
0.00404319
0.00328786
0.00367447
0.00306868
-0.00048913
-0.000850583
0.000802671
-0.00106122
0.000162325
0.00229003
0.00141655
0.00364881
0.00479409
0.00282659
0.00510434
0.00768669
0.00692966
0.00251501
-0.00387757
-0.00410898
0.000792815
0.000850182
-0.00233839
-0.000164686
0.00474664
0.0109197
0.000624972
0.00246585
0.00264278
-0.00237426
0.000400367
0.00146551
0.00332093
0.00905439
0.0049925
0.00196756
0.00404938
0.00395093
0.00165273
0.00282175
0.00335626
0.000755054
0.00530086
0.00627229
0.00250676
0.0032403
0.00178102
-0.00285851
0.00212555
0.00568704
0.00314508
0.0079638
0.00529591
0.00303025
0.000735525
-0.00527576
-0.0021006
0.000633434
0.00159754
0.00738735
0.013533
0.00790521
0.0014816
-0.00147859
-0.00526355
0.00284494
0.00430987
0.00304126
0.0118248
0.0155239
0.0107282
-0.00160259
-0.00174964
-0.000920115
-0.00104482
0.00775364
0.00746113
0.00673673
0.0100286
0.00731424
-0.00219314
-0.00221838
0.00344505
0.00864959
0.0107938
0.00891461
0.00850062
0.00832436
0.00666101
-0.00402766
0.000965466
-0.00049659
0.00522319
0.00486878
0.00264231
0.00999192
0.00954383
0.00680118
-0.00466493
-0.0023194
0.00259085
0.00750486
0.00466647
0.00711961
0.0107251
0.00723145
0.00553694
-0.00456829
-0.00267474
0.00665702
0.0140752
0.00677963
0.00680846
0.0081031
0.00405093
0.00566567
-0.00495764
-0.00590441
0.000771047
0.0124805
0.00660888
0.0103823
0.0104107
0.00394745
0.00775384
-0.00654479
-0.00181443
0.00378268
0.00655087
0.00428666
0.00763819
0.00570306
0.00469874
0.00346139
-0.00397363
-0.00431445
0.00435868
0.00877629
0.0087582
0.010178
0.00860683
0.0107864
0.00267691
-0.00506005
-0.00152379
0.00953902
0.0166378
0.008982
0.010199
0.00887389
0.00443868
0.00297546
-0.00478444
-0.0044594
0.012565
0.0148443
0.0106269
0.00799965
0.00516364
0.00317925
-0.00265252
-0.00621135
-0.00811759
0.00148598
0.00955464
0.0119346
0.0100286
0.0129558
0.0130918
0.00666182
-0.00981263
-0.00503537
0.000194925
0.00689629
0.00743359
0.00476483
0.0105804
0.0106988
0.00325355
-0.00665805
-0.00589108
0.00737411
0.0143213
0.00991901
0.0075041
0.00542985
0.00696818
0.00357208
-0.00904495
-0.00394353
0.00509229
0.0155565
0.00801461
0.00906939
0.0099502
0.0126949
0.00421098
-0.00714487
0.00314921
0.00307727
0.00694154
0.00498953
0.00379168
0.00979951
0.00973811
-0.00180724
-0.00594101
-2.28577e-05
0.00306184
0.0116689
0.01188
0.00656552
0.0155642
0.017008
-0.00178017
-0.00806515
0.00101188
0.0104723
0.0165412
0.00934462
0.00568977
0.00977694
0.00859796
-0.00226659
-0.0123178
-0.000804877
0.00578377
0.0171401
0.0080937
0.00355166
0.00619179
0.00713498
-0.00483623
-0.0137602
-0.00522768
0.00120566
0.00805389
0.00770272
0.00536225
0.0116891
0.0177447
0.00732527
-0.00515951
-0.00445005
-0.00200452
0.000784361
0.00779537
0.00636134
0.0108988
0.0161912
0.00660243
-0.00403894
-0.00161579
0.00690757
0.012846
0.00781784
0.00230583
0.00157524
0.00361877
-0.00155337
-0.00660225
-0.0072079
0.00558052
0.0150399
0.0145518
0.00636258
0.00175581
0.00700989
-0.0063103
-0.00791489
-0.00276773
0.00330801
0.00554477
0.00770861
0.00810944
0.0076085
0.00978298
0.000293397
-0.00213276
-0.00224196
0.00848742
0.00890257
0.00892543
0.0101483
0.00876574
0.0135627
0.00154485
-0.00604379
-0.00350085
0.00799646
0.0192892
0.00851905
0.00619074
0.00365716
0.00326469
-0.0121392
-0.00979187
0.00172366
0.00694736
0.0145511
0.00209773
0.00283508
-0.000243291
0.00483497
-0.00645002
-0.00377831
-0.0051058
0.0038476
0.0066041
0.00786268
0.00651924
0.00844502
0.0159612
0.0065837
-0.0039577
-0.00416031
0.00034313
0.00583231
0.00629233
0.00464919
0.00952119
0.016183
0.0110661
0.00173778
-0.000824802
0.00634207
0.00888945
0.00440147
0.00186696
0.00520964
0.00710223
-0.00229642
-0.00560213
0.000169111
0.00938553
0.012162
0.0110789
0.00823208
0.0114674
0.00584461
-0.00245303
-0.00799904
-0.00690282
-0.00141964
0.00225669
0.00498674
0.00367797
0.00795545
0.0102875
0.0057299
-0.00456841
-0.000660908
-0.000109107
0.00814385
0.00484447
0.00478113
0.0113173
0.0146996
0.00480902
-0.00214035
0.000368436
0.00528478
0.013305
0.0121041
0.00684938
0.00459425
0.000356255
-0.0109169
-0.0112341
0.00127432
0.00566935
0.0144778
0.0125387
0.00762555
0.00493201
0.00694304
-0.00804018
-0.00488412
-0.00227194
-0.00042929
0.00262064
0.00113246
0.00238809
0.00671777
0.0137879
0.00566855
-0.00412651
-0.00746668
0.000873031
-0.00103758
0.00525815
0.00502631
0.00349439
0.0121272
-0.000193774
-0.00312267
-0.00309764
0.00951678
0.00932087
0.0152919
0.0057142
0.00699461
0.00845101
9.81048e-05
-0.00329209
-0.00229368
0.00897414
0.00966073
0.0142209
0.00686882
0.00349726
0.00528153
-0.00125068
-0.00583909
-0.00490579
-0.000409267
-0.000982524
0.00633948
0.00525891
0.00439011
0.00929514
-0.00443169
-0.00907462
0.00266974
0.00569191
0.00135847
0.00720657
0.00190336
0.00915715
0.011227
-0.00209928
-0.00726093
-0.000600497
0.0122858
0.0122966
0.00963347
0.00422907
-0.000545706
0.0037131
-0.0038126
-0.0083001
0.00436582
0.013133
0.0105997
0.0082595
0.000282284
0.00362046
0.0102148
-0.000279241
-0.00508612
0.000507342
-0.000227833
-0.00147362
0.00322055
-7.13834e-05
0.00695168
0.0112231
0.000786885
-0.00100328
0.00235917
-0.00168879
0.000846975
0.00514199
0.00391388
0.00841766
0.0125086
0.004395
0.000302204
-0.00161205
0.00533203
0.00972232
0.00547728
-0.00101098
0.00113312
0.00811045
-0.000539796
-0.00705384
0.00622227
0.0105384
0.0085629
0.00882634
0.00240156
-0.000951636
0.00504416
-0.00480259
-0.0030122
-0.000806665
-0.00282473
0.00693789
0.00775392
0.00513135
0.0083195
0.0115885
0.00418107
0.000292187
-0.00342461
-0.00176733
0.00670001
0.00598544
0.00223876
0.00417477
0.00771795
0.00266883
-0.0014291
0.000815312
0.00580172
0.00822352
0.00840688
0.00425603
0.000143162
0.000476779
-0.00474134
-0.00348827
-0.00490122
0.0012599
0.00947044
0.0111233
0.00622664
0.00230046
-0.00297443
-0.000251802
-0.00404231
-0.00520745
-0.000196646
0.0058415
0.00608203
0.00310338
0.00439482
0.00402461
0.0040282
0.00187016
-0.00582673
-0.00241698
0.0040309
0.00765992
0.008051
0.00709066
0.00552622
-0.000827202
-0.00424661
-0.00362029
0.00393078
0.0111001
0.0138927
0.00608789
0.00100222
-0.00521529
0.000273014
-0.00276134
-0.00139935
0.0048091
0.0103944
0.0118756
0.00616271
-0.00103928
-0.00260175
0.000187581
-0.00481197
-0.00372569
0.0040025
0.00318443
0.00286695
0.00490828
0.00485482
0.00595567
-0.0022601
-0.00620473
-0.00327932
0.00382981
0.00690873
0.00757807
0.00386455
0.00337698
0.00401936
-0.00262633
-0.00489276
0.00142225
0.0066383
0.00630825
0.00270714
0.00554638
0.00188448
0.000982049
0.00218124
-0.00643609
-0.00152243
0.00182698
0.00586738
0.00796752
0.00853259
0.00675183
0.00476213
0.000654749
-0.00418357
-0.00181024
0.00379903
0.0113521
0.0128016
0.00402126
0.00409229
0.00138168
-0.00202468
-0.00552412
0.00129373
0.0112801
0.0105925
0.0103231
0.00353922
0.00381405
0.00303192
0.000874504
-0.00424235
-0.00439123
0.00710618
0.0130788
0.0109021
0.00397285
0.00320827
0.00235051
-0.00533053
-0.00692187
-0.00818101
0.00500064
0.0114724
0.00597084
0.00215568
0.00367728
0.00304936
-0.00138606
-0.00693619
0.00490356
0.00949494
0.00901759
0.00690642
0.00102514
0.00318763
0.00117143
0.000862384
0.00396972
-0.0022349
0.0022384
0.00295926
2.7011e-05
-0.00119557
0.000689504
-0.00486618
-0.000819137
-0.00071425
-0.00462088
0.00261709
0.00616393
0.00410578
0.00335303
0.00364195
0.000949335
-0.000268271
-0.00636997
-0.00257175
-0.00122278
0.0010851
0.00350424
0.00377144
0.00341872
-0.00586365
-0.00308229
-0.0015614
0.00372791
-0.0044392
-0.00123627
-0.00357391
-0.00236706
0.00342928
-0.00441453
-0.00279069
-0.00141212
0.0107791
-0.00141047
0.000553502
-0.000825232
0.000672593
0.000438044
-0.00498692
-0.00743678
0.00414421
0.00217615
-0.00120336
0.00357502
-0.00198904
0.00172151
0.00207961
-0.00064863
-0.00333259
0.00175774
0.00863079
0.000716093
0.00146568
-0.000453502
-0.000436189
-0.00276754
3.14628e-06
-0.00176161
0.00972661
0.0105068
0.00013165
-0.00452287
-0.00438738
-0.00193694
-0.00655039
-0.00926939
-0.00988959
0.00250162
0.0103179
-0.0029916
-0.00718316
-0.00650073
-0.00555567
-0.0100258
-0.00995954
-0.0110469
0.00663533
0.0141331
0.00190814
-0.00418972
-0.00156728
-0.00234369
-0.00849826
0.00123998
-0.00351618
0.0129792
0.0148347
-0.00158263
-0.00903843
-0.00549947
-0.00226937
-0.0108022
-0.00899118
-0.00623661
0.0114732
0.00772473
0.00176426
-0.00617069
-0.00273614
-0.00781645
-0.003037
-0.00690786
0.00176285
0.00821896
0.0127804
0.0105517
-0.00576696
-0.00289598
-0.012949
-0.00388426
-0.00266974
0.00350477
0.0129865
0.00561314
0.00753249
-0.00581964
-0.0033392
-0.00910073
-0.00394867
-0.00768014
-0.007661
0.00496492
0.00698649
0.0111974
-0.000461554
-0.0034398
-0.0115399
-0.00646892
-0.00680977
-0.00896706
0.00861419
0.0122043
0.00570508
-0.00497619
-0.00515
-0.00897994
-0.00263781
-0.001147
0.00167733
0.0126277
0.00799688
0.0023032
-0.00764415
-0.00512339
-0.00711159
-0.00221512
-0.00162821
-0.00044326
0.00921203
0.00638573
0.00719385
-0.00101655
-0.00348543
-0.00946663
-0.00415695
-0.00463338
-0.00698954
0.00395727
0.00285146
0.00267763
-0.00358189
-0.00317475
-0.00739196
-0.000396039
-0.00146642
-0.00461795
3.87145e-05
0.00832354
0.00352633
-0.00444373
0.00133752
-0.00118565
-0.00144104
-0.00104309
-0.00132116
0.00820203
0.00706257
0.00887211
-5.43629e-05
0.000263896
-0.000172146
-0.00194668
-0.00379342
-0.00276648
0.00389441
0.00155393
-0.00266727
-0.00350785
0.000646715
-0.00200358
0.00129691
0.000556377
-0.00263177
0.00666556
0.00776497
0.00295665
-0.0073661
-0.00358481
-0.00379138
-0.00478968
-0.00335076
-0.00453713
-8.18397e-05
0.00906649
0.00648383
-0.00227738
-0.00153263
-0.00151918
-0.00578318
-0.00396063
-0.00252742
-0.00134067
0.00975377
0.006725
-0.0016966
-0.00219516
-0.0015385
-0.00178904
-8.76579e-05
-0.00121393
0.00406652
0.0125661
0.0061364
-0.000377121
-0.00655547
-0.00606497
-0.00807
-0.00660712
-0.00396215
-0.00160077
0.0124426
0.0140113
0.00312986
-0.00356869
-0.00515717
-0.00656888
-0.00299783
-0.0024587
0.000739363
0.00945306
0.00705491
0.00266267
0.0003569
-0.000669511
-0.00162224
-0.000748613
-0.00431656
-0.00149556
0.00389407
0.00200759
0.00495713
0.00153633
-0.000549372
-0.00414
-0.0040528
-0.00613449
-0.00321035
0.0102499
0.0101298
0.00260107
-0.000345583
-0.0016907
-0.00433067
-0.0036065
-0.00147509
-0.00158436
0.00303385
0.00610832
0.00524647
0.00150523
-0.00160382
-0.005904
-0.0056157
-0.00350373
-0.00656104
0.00498552
0.00688888
0.0020589
-0.00213471
-0.00221018
-0.00542968
-0.00758129
-0.00515566
0.000735873
0.00403192
0.00961917
0.000544154
0.000896404
-0.00167778
-0.00425623
-0.00683834
-0.00307089
-0.00263746
0.0058888
0.00836578
0.00386776
0.000882521
-0.00268374
-0.00498669
-0.0051754
-0.00220114
0.000987163
0.00941372
0.0146845
0.00758635
0.0020475
-0.00316262
-0.0043943
-0.00498608
0.000355349
0.00369629
0.00481927
0.0041454
0.00131015
0.00295522
-0.0015982
-0.00363509
-0.00494685
-0.00486742
-0.00293007
0.00361571
0.00651559
0.00117657
0.00208311
-0.000984841
0.000907734
0.000278675
-0.00285921
-0.00307186
0.00796064
0.0139074
0.00904104
0.00346183
-0.00359288
-0.00408358
-0.00715353
-0.00336616
0.00321444
0.00544313
0.0160173
0.00708822
0.00451122
-0.00278281
0.000701669
-0.00593858
-0.00829446
0.00351392
0.00894563
0.0102093
0.00221408
0.000582994
-0.00121995
0.0012671
0.00185672
-0.0006687
-0.0012562
0.00149847
0.00761193
0.00095847
-0.000244895
-0.000535483
0.000386612
-0.000599234
-0.00112395
-0.00266177
0.00809375
0.0107783
0.00838597
0.00340444
-0.00082123
0.00222783
-0.00354872
-0.00839403
0.00103483
0.00105284
0.00749003
0.00699136
-0.00086261
-0.00157454
-0.00103563
-0.00546786
-0.00799647
0.00188066
-0.00180232
0.0109243
0.00335293
0.00244656
0.00285696
8.46317e-05
-0.000766509
0.000316525
-0.00884038
0.00173053
0.0149344
0.0114109
0.00456163
0.00395602
0.000693115
0.000397953
0.00140264
-0.00253649
-0.00227754
0.0123935
0.0115191
0.000445879
-0.00133751
-0.00138885
-0.00312105
-0.0018919
-0.00198926
0.00131439
0.00954867
0.00587496
-0.000567926
-0.00148688
-0.00228904
-0.00255643
-0.00108394
-0.00119795
0.00328185
0.00673716
0.00741244
0.00308273
0.0019179
0.00103899
-0.00148798
-0.00135823
-0.00189299
0.00187428
0.00847703
0.0090578
0.00313915
0.00359706
0.00198748
-0.00121623
-0.00107226
-0.00279856
0.00456132
0.00650897
0.00274237
0.00324643
-0.000676736
-0.00228357
-0.0056695
-0.00810239
0.000996076
0.00165149
0.0104398
0.00658426
0.00469002
0.00120305
-0.001148
-0.00504576
-0.00969264
0.00304623
0.00323072
0.010609
0.0108441
0.0035562
0.0024024
0.00155488
-0.000544733
-0.0027879
-0.0050607
0.00065692
0.0129193
0.00943142
0.00291079
-8.1707e-05
-0.000486883
-0.000915055
-0.0034806
-0.00583862
-0.000104127
0.0109813
0.00543704
0.00391784
0.0011436
-0.00107877
-0.00481692
-0.00770884
0.00149857
0.00148497
0.0142592
0.00659436
0.00781842
0.00358116
0.001653
-0.00539358
-0.00698139
-0.0032344
-0.00281215
0.00866139
0.0119875
0.00303693
0.000522589
-0.000543493
0.000466412
-0.000964896
-0.00947548
0.00120419
0.0115917
0.0174294
0.00285042
0.00173244
0.000885087
-5.32333e-05
-0.00287303
-0.00965131
0.000519319
0.0120465
0.00853357
0.00720132
0.00344148
0.000958517
-0.00240666
-0.0042978
-0.00662011
0.00283488
0.0148129
0.00931169
0.00488007
0.00208195
-0.000283481
-0.00300385
-0.00379403
-0.00175094
0.00587993
0.0118472
0.0113357
0.00319267
0.00182615
0.00250984
-0.000414776
-0.00594875
-0.00881949
0.00706266
0.0110915
0.00668878
9.34686e-05
-0.00256095
-0.00298545
-0.00242774
-0.00737106
-0.00686351
0.00780581
0.0136354
0.00707813
0.00346074
0.00134065
-0.000385196
-0.00206712
-0.00305959
0.00146048
0.00558426
0.00944677
0.00374272
0.0017043
-0.00288819
-0.00545805
-0.00718481
-0.00416252
0.0018097
0.00308964
0.0111809
0.00675381
0.00272237
-0.00204301
-0.0036565
-0.00390681
-0.00843079
-0.00765996
-0.00287684
0.0113797
0.0139353
0.0112353
0.000822167
-0.00442844
-0.00632906
-0.0121805
-0.0109687
0.00817781
0.00926439
0.00779089
0.00626348
-0.000262045
-0.00383079
-0.00652595
-0.00534791
0.00214451
0.00505978
0.00901648
0.00815728
0.00867943
-0.000466291
-0.00423729
-0.00792256
-0.00763666
0.00194287
-0.00192555
0.0155579
0.0128182
0.000995773
0.000486751
-0.00232831
-0.00625098
-0.0154099
-0.0137066
0.00536316
0.0155308
0.0106857
0.000630008
0.000115198
0.000583968
-0.000282396
-0.00913742
-0.00653627
0.00518749
0.0127019
0.0116985
0.00390013
-0.00304054
-0.00264783
-0.00649159
-0.0099522
-0.000937793
0.0121529
0.0184148
0.0149995
0.00769199
-0.00189345
0.00171779
-0.000670447
-0.00749055
-0.00298462
0.00222221
0.0111452
0.00480022
0.00134393
-0.00318422
-0.000564658
-0.000693142
-0.00811541
-0.0118491
0.00169146
0.0108507
0.0120454
0.00793032
0.000273028
0.000586249
-0.00360068
-0.00984579
-0.0135037
0.0100226
0.0168039
0.00986734
0.00649593
-0.00275567
-0.000235155
-0.00219465
-0.00936678
-0.00235086
0.0100561
0.0158503
0.014694
0.00600797
-1.68508e-05
-0.000725484
-0.00376349
-0.00857113
0.000931243
0.00369474
0.0123283
0.0142276
0.00764595
0.00226694
-0.000790085
-0.00379735
-0.0149587
-0.0164917
0.00537029
0.0123804
0.0107123
0.00977459
0.00437011
-7.42068e-05
-0.00256469
-0.0170011
-0.0154878
0.00867407
0.0160864
0.0174621
0.00532369
0.00186
-0.00202961
-0.00441917
-0.0115415
-0.000913869
0.00801082
0.0171018
0.014272
0.00418298
-0.000690567
-0.00215754
-0.0045246
-0.0167145
-0.00702235
0.00367244
0.0128632
0.0140377
0.0142647
0.00513443
0.0032411
6.43694e-05
-0.01305
-0.0119149
0.00399667
0.0116725
0.0136758
0.0124233
0.00317612
-0.000942923
-0.00404393
-0.011483
-0.00975873
0.00739323
0.0153646
0.0150202
0.00396759
-0.00144191
0.00029143
-0.00146631
-0.013385
-0.00483182
0.00483284
0.0100709
0.0138575
-0.000413313
-0.0024267
-0.00473397
-0.00623266
-0.0089937
-0.00195775
0.00389573
0.0142775
0.013253
0.00511346
0.00326423
-0.00263483
-0.00450146
-0.00854379
-0.00841444
0.00459728
0.0138933
0.01363
0.00699179
0.00188393
-0.00168343
0.00195614
-0.0036202
-0.0074576
0.00318807
0.0122001
0.00731347
-0.00166772
0.000968103
-0.00531665
-0.0090262
-0.00701505
-0.00267339
0.000906495
0.00879086
0.010044
0.0036084
-2.11475e-05
-0.0048437
-0.0047931
-0.0068671
-0.00644195
0.00660687
0.0136998
0.0164131
0.00787389
9.35344e-05
-0.00346351
-0.000845759
-0.00646069
-0.00654213
0.010329
0.0125807
0.0106571
0.00503395
-0.00142725
-0.0072634
-0.00712765
-0.00584968
-0.00222109
0.00612654
0.00702082
0.00555003
0.00450642
-0.000996434
-0.00498068
-0.00706557
-0.00657053
-0.000577872
0.0069772
0.00602295
-0.00266977
-0.000115387
-0.00175023
-0.00431281
-0.00746743
-0.00380803
0.00645999
0.0105944
0.0115563
0.00408158
0.00377732
-0.0011867
-0.00490778
-0.00761489
-0.00474667
-0.0038172
0.00451075
0.00652726
0.00795221
0.00973033
0.00512113
-0.000714951
-0.00679638
-0.00246448
-0.00347146
0.00908741
0.00483542
-0.00367646
-0.000885212
-0.00314346
-0.00353878
-0.00790078
-0.00333289
0.00707438
0.00788065
0.00414622
0.00323063
0.00726358
-0.000984167
-0.000123681
-0.00631779
-0.00572274
0.00431649
-0.00229252
0.00462619
0.010522
0.0086786
0.00135212
-0.00184431
-0.00356423
0.00142073
-0.00398824
-0.00185012
0.00660264
0.0127334
0.00679149
-0.000239467
-0.00380897
-0.00176102
0.00230068
-0.00134184
0.00616017
0.0055212
0.00605702
0.00438966
-0.000474965
-0.000854462
-0.000521633
-0.00193068
0.0017038
0.0039566
0.0050061
0.00434213
-0.00147244
-0.00395181
-0.00399612
-0.0027168
0.000574227
0.00236607
0.00049175
0.0112115
0.0121356
0.00477545
0.00302051
-0.00173314
-0.00200333
0.00221132
-0.00408811
-0.00265355
0.00865928
0.0107986
0.0082592
0.00370064
0.000498523
-0.0026192
-0.00173083
-0.00253589
0.000239656
0.00577735
0.00803834
9.60866e-05
-0.00555954
-0.0024165
-0.0043072
-0.00255245
0.000830245
-0.00407108
0.00450213
0.00412798
0.00285
-0.00268308
-0.00298287
-0.00652591
-0.009707
-0.0056889
-0.00212701
0.00701959
0.010471
0.00745657
0.000134145
-0.00185267
-0.000257764
-0.00271793
-0.00382733
7.43857e-05
0.0110892
0.0123503
0.0074687
0.00318953
-0.000287226
-0.000345542
-0.000488706
-0.00062096
0.00255482
0.00929921
0.000545684
0.00115367
-0.00408172
-0.00665531
-0.0063918
-0.00536997
-0.00560372
0.00316114
0.00538518
0.00231412
0.00149303
-0.00198052
-0.00767379
-0.00886265
-0.00624585
-0.00449799
-0.000834161
0.00959624
0.00362983
0.00416606
0.00547019
0.00369138
-0.00186317
-0.00403569
0.00259924
0.00039558
0.00637668
0.00353718
0.00371244
0.00232911
0.000662941
-0.00698643
-0.00758335
0.00135007
0.00121466
0.00367133
0.00230871
-0.00176695
-0.000623169
-0.00317233
-0.00547841
-0.00647793
-0.00232288
-0.00084262
0.000639602
-0.00151429
-0.00188507
-0.000904763
0.000738191
-0.00502355
-0.0113465
-0.002675
0.00360616
0.00738949
0.00900927
0.00651111
0.00299731
0.00197169
-0.00199762
0.00336038
0.00914658
0.000141312
0.0029347
0.00323176
0.0056809
0.00282322
-0.00122946
0.000674978
0.00628104
0.00496016
-0.0013697
-0.00187133
0.0040481
0.00215441
0.000123073
0.00206598
-0.00371573
-0.00566792
0.00215959
-0.00318127
-0.00587708
-0.000935364
-0.000976148
0.00157289
-0.0029401
-0.00648128
-0.00666758
-0.000175001
0.00667671
0.00459848
-0.00065986
0.00401273
0.0045224
-0.00355561
0.000588247
0.00338367
0.0116891
0.00645322
0.00262259
-0.00216142
0.00189579
-0.000574319
-0.003863
-0.00473949
-0.00194121
0.0125781
0.00148633
-0.00520707
-0.00422987
-0.00324942
0.000727903
-0.00473667
-0.00568959
-0.00711246
0.00395413
0.00200409
-0.0102705
-0.00772578
-0.00370607
-0.00444595
-0.00314357
-0.0063424
-0.00621589
0.00264001
0.0050648
0.00812699
-0.00760988
-0.00516922
-0.00645872
-0.00449845
-0.00561024
-0.0094631
-0.00165092
0.00404024
0.0106597
-0.00090161
-0.00348224
-0.00913701
-0.00659293
-0.00616234
-0.0106328
-0.000308261
0.00698002
0.0175665
-0.00133014
0.000581935
-0.000969348
-0.00195797
0.000462005
-0.00264009
-0.0060339
0.00795192
0.0153219
0.00305259
-0.000477604
-0.00224595
-0.00040709
-0.00579578
-0.00506882
-0.00131265
0.00544056
0.00927821
-0.000922623
-0.0051672
-0.00972597
-0.00351466
-0.00533632
-0.010915
-0.00449745
0.00241369
0.00533159
0.000379145
-0.00769475
-0.00743331
-0.00228762
-0.00389741
-0.00843529
-0.0062664
0.00606658
0.0139504
0.00276329
-0.00516062
-0.00685177
0.000416761
-0.00191129
-0.00356594
-0.00319816
0.00601274
0.0123447
0.00230184
-0.00583206
-0.00771302
0.000833242
-0.000787953
-0.00821405
-0.00439952
0.00468511
0.00244585
0.00123195
-0.00404621
-0.00244192
0.000475008
0.00134243
-0.00263678
0.00296897
0.0074116
0.00637107
-0.00505251
-0.00852094
-0.0072658
-0.00649883
-0.00271214
-0.00487148
-0.00123832
0.00997184
0.0103408
0.00193468
-0.000137901
-0.00452201
-0.000981398
0.00322133
-0.00567284
-0.00307886
0.00899571
0.00505566
0.00197101
-0.00663035
-0.0108723
-0.00649581
-0.00311338
-0.0096344
-0.0049243
0.0134434
0.0118756
0.000463749
-0.00942948
-0.00820167
-0.00982
-0.00635445
-0.00657124
-0.000594725
0.0120422
0.0143602
0.00811591
-0.00336754
-0.00479225
-0.00409976
-0.00632627
-0.00536875
-0.000555617
0.00822021
0.00697238
0.00392689
-0.00609171
-0.00850878
-0.00606155
-0.006569
-0.0112849
-0.0033151
0.00735635
0.00548357
0.00404049
-0.00110211
-0.00509099
-0.00413602
-0.00788835
-0.0118659
-0.0055501
0.00982926
0.0137232
0.00264634
-0.0034266
-0.0037582
-0.00472065
-0.00748075
-0.00802387
-0.000460204
0.00557107
0.0111185
0.00865054
-0.00035361
4.73567e-05
-0.0061799
-0.00629434
-0.00891924
-0.000703426
0.00444393
0.0053145
0.00446042
-0.00163815
-0.0041393
-0.00712445
-0.01184
-0.0136888
-0.00302449
0.00521326
0.00743919
0.00636305
-0.00269255
-0.00200141
-0.00907039
-0.012882
-0.016413
-0.00181644
0.00570094
0.00975614
0.00871955
0.00293711
4.32603e-05
-0.00632009
-0.00937308
-0.00942112
-0.00129097
0.00728143
0.0141519
0.0117185
0.0029569
-0.00365271
-0.00536556
-0.00981017
-0.00715692
0.00121654
0.00378615
0.00603877
0.00597359
-0.00460987
-0.00429302
-0.00757387
-0.0134904
-0.0174706
-0.00486056
0.0038555
0.00197763
0.00466901
-0.00322146
-0.00731803
-0.00497452
-0.0134029
-0.01727
-0.00225801
0.00932706
0.0159817
0.00798897
0.00111471
-0.00630365
-0.00339986
-0.00737485
-0.00235046
0.00186127
0.00572548
0.0174805
0.00673114
0.000337935
-0.00551242
-0.00232713
-0.0082451
-0.00801927
-0.00152098
0.00155502
0.00427076
0.00298022
-0.00357904
-0.00897316
-0.00374147
-0.0111248
-0.0150201
-0.00301126
-0.00213371
0.00413523
-0.000140934
-0.00565505
-0.00902755
-0.00713527
-0.0103108
-0.0144283
-0.00915234
0.0102713
0.0120706
0.00511969
-0.00205812
-0.00351687
-0.00160183
-0.00509795
-0.0111331
0.000809855
0.0100439
0.0103774
0.00592482
-0.00430276
-0.00497901
-0.00373649
-0.00677363
-0.00887433
0.00439685
-0.00303624
0.00399716
0.00196526
-0.00419379
-0.00756535
-0.00705832
-0.00553559
-0.011821
-0.00618381
0.00299206
0.00456175
0.0022545
-0.00497042
-0.00860739
-0.00893813
-0.0108246
-0.0136005
-0.00397789
0.0091175
0.0107311
0.00613018
-0.00356396
-0.00495769
-0.00251559
-0.00422648
-0.00563495
0.0071023
0.00679451
0.00734066
0.00223115
-0.00561905
-0.00808601
-0.00521722
-0.00279285
-0.00500968
0.00238907
0.00279986
0.00254117
0.00406571
-0.00325055
-0.00484238
-0.00421422
-0.00805063
-0.00986389
0.00167304
0.000320094
-0.0022742
0.00129239
-0.0025992
-0.00493196
-0.00440096
-0.00713015
-0.00915522
-0.00162653
0.0104424
0.00768466
0.00168167
-0.0033276
-0.0056675
-0.00463094
-0.00366327
-0.00463337
0.00520572
0.0077693
0.00928639
0.00303754
-0.00171012
-0.00455856
-0.00276078
-0.00311099
-0.00858701
0.00825143
0.00212529
0.00254232
0.00227425
-0.000631618
-0.00381914
-0.00425474
-0.00792724
-0.00750403
-0.00496068
-0.000134256
-0.00639459
-0.00369734
-0.00273108
-0.00465949
-0.00475472
-0.00593553
-0.00858889
-0.00490801
0.00688013
0.00737717
0.00292924
-0.00181823
-0.00249321
-0.00200931
-0.00499186
-0.00883564
0.00859786
0.0036993
0.0130462
0.00517173
0.00240339
0.000442276
8.70127e-05
-0.0084507
-0.00891036
0.0044934
-0.000522188
-0.00812935
-0.00343352
-0.00361752
-0.00498734
-0.00360433
-0.00429753
-0.00777611
-0.00259954
0.00338112
-7.67497e-05
-0.002011
-0.000502139
-0.00290502
0.0016235
-0.00504644
-0.00790117
-0.00157648
0.00250942
0.0125583
0.00301793
-0.000272222
-0.000434682
-0.00175932
-0.00771077
-0.00750727
-0.00358273
0.00434487
0.0137429
0.000850206
0.00147548
-0.00137993
-0.00433174
-0.00843291
-0.00506714
0.000281059
0.00460313
0.00821767
0.000894807
-0.000521233
-0.00352882
-8.00152e-06
-0.00558935
-0.00787789
-0.00539549
0.00594215
0.0110377
0.00698522
0.00315143
-0.00319687
-0.00320319
-0.0068165
-0.00709616
-0.00144125
0.00292901
0.0138351
0.000142043
-0.00118511
-0.00248024
-0.00489162
-0.00491526
-0.00618272
-0.00312697
0.00205927
0.0103091
-0.000521532
-0.00312069
-0.00227945
-0.00481239
-0.00527634
-0.00706083
-0.00602327
0.00471459
0.00989341
0.0104549
0.00123127
-0.00464282
-0.00431831
-0.00520124
-0.00505867
-0.00912857
0.00447582
0.00554745
0.00303473
-0.00106599
-0.00550837
-0.00486379
-0.00559616
-0.00883747
-0.0154315
0.006741
0.00689286
0.00118046
-0.00136441
-0.00418428
-0.00798025
-0.0101015
-0.00808783
-0.00286534
0.00759578
0.00572009
-0.000875887
-0.00223639
-0.00703529
-0.00798234
-0.00941268
-0.00492679
0.000183677
0.0062452
0.00365272
0.00359462
0.00159292
-0.00419786
-0.00385147
-0.00487766
-0.00765398
-0.0100972
0.00951108
0.00568439
0.00637016
-0.00128358
-0.00598405
-0.00336419
-0.00670421
-0.00438815
-0.00174977
0.00983963
0.00909122
0.00332948
-0.00609246
-0.00732036
-0.0050044
-0.00890193
-0.0102089
-0.00408317
0.00742418
0.00905559
0.00923236
-0.00362618
-0.00770256
-0.005276
-0.00986337
-0.0128619
-0.00503589
0.0115021
0.00767823
0.00608622
-0.00540085
-0.00710216
-0.00368472
-0.00967685
-0.00720043
0.00110307
0.00865814
0.00667375
0.00666245
-0.00552775
-0.00637028
-0.00683052
-0.0156371
-0.0139701
-0.000661301
0.00707148
0.0114656
0.0077905
-0.00313652
-0.0062106
-0.00453172
-0.00807554
-0.013115
-0.00420561
0.00926201
0.0122917
0.0129128
-0.000353586
-0.00195765
-0.00456525
-0.00765711
-0.0121835
0.00258313
0.00469746
0.00736358
0.00758326
-0.00395014
-0.00476546
-0.00543132
-0.0132168
-0.0110295
-0.00202938
0.00228412
0.00509837
0.00943352
-0.000817568
-0.00267563
-0.00808547
-0.0114072
-0.0110655
-0.00719771
0.0110067
0.0143931
0.0148788
0.00231326
0.00155804
-0.0029051
-0.00544726
-0.0103054
0.00300039
0.00903428
0.0114866
0.0123799
-0.00260667
-0.00382846
-0.00351056
-0.00826546
-0.0135015
-0.00195835
0.00218974
0.00715108
0.0117741
0.000561465
-0.00101751
-0.00602594
-0.00807134
-0.0093434
-0.00857058
-3.46716e-05
-0.000692041
0.000326241
-0.00585061
-0.00583778
-0.00529395
-0.00894309
-0.0114168
-0.00894088
0.0164301
0.0152581
0.0159986
0.00210212
-0.00169841
-0.000254985
-0.00264576
-0.00788793
0.00671627
0.0107757
0.00874804
0.0100684
-0.00375347
-0.00347005
-0.00580285
-0.00577518
-0.00568172
0.00706313
0.000606608
0.000689596
0.00111759
-0.00249994
-0.00224379
-0.00209367
-0.00381247
-0.00514954
-0.00297485
-0.00811089
-0.0104854
-0.0078074
-0.00690992
-0.00442111
-0.00496804
-0.00661183
-0.00926344
-0.00484542
0.0125265
0.0128069
0.0067039
-0.00329394
0.000898855
-0.00192174
-0.00604324
-0.00154391
0.0126164
0.0113579
0.00857448
0.00424079
-0.00064733
0.000311482
0.00277751
0.00172382
0.00466785
0.0113213
-0.00432775
-0.00985776
-0.006576
-0.00295099
-0.00114436
-0.00305218
-0.00671365
-0.00755751
0.0016753
-0.00249423
-0.010778
-0.00260026
-0.00183002
0.00139689
-0.00119336
-0.00197149
-0.0055298
0.00295189
0.00813973
0.00342374
-0.000217077
0.00166067
0.00245127
0.00229322
0.000668834
0.00422089
0.0106601
0.0112922
0.0112214
-0.0044865
0.00177133
0.00121762
-0.00159528
-0.00308159
0.00235304
0.0131621
0.000329651
-0.010713
-0.00103153
0.000702855
0.00215574
-0.00159016
-0.00358214
-0.00315482
0.000432979
0.00274424
-0.0069391
-0.00152538
-0.000503916
-0.000124383
-0.00455741
-0.00828847
-0.0080348
-0.00131405
0.01427
0.00972927
-0.00369971
-0.00149868
-0.00281054
-0.00189401
-0.00625434
-0.000413809
0.0125851
0.0152382
0.0115872
0.00369802
0.00291578
0.000446967
0.00275292
-0.00454182
-0.00105858
0.0102023
0.00243767
-0.00664546
-0.00552234
-0.00241351
-0.00341116
-0.00512148
-0.00899708
-0.00899744
-0.00245994
0.00352893
-0.00780897
-0.0116612
-0.0047165
0.00195419
-0.000122717
-0.00665046
-0.0100108
0.0017741
0.015678
0.0132486
0.00918223
0.00809512
0.00377903
0.0041518
0.00136331
0.0015091
0.00982943
0.0116195
0.0109325
0.0037428
0.00393401
0.00101
-8.86424e-05
0.000552705
0.0049898
0.0119544
0.00328667
-0.00265796
-0.00936285
1.77477e-05
0.00355246
0.00160539
-0.00511751
-0.00740658
-0.0028577
-0.00471745
-0.00671395
-0.00972891
-0.00103623
0.00192272
-0.000840622
-0.0023543
-0.00389062
-0.00214278
0.00885311
0.00646729
0.0052156
0.00592336
0.00114356
0.00383161
-0.00131727
0.0071631
0.0132511
0.00582006
0.00525641
0.00271955
0.00456302
0.00145473
0.00345892
0.000331645
0.00704351
0.00686514
-0.00536341
-0.0123657
-0.00947461
0.000957229
0.00217209
0.00115705
-0.00140794
0.0023979
0.00491322
-0.0027097
-0.0111692
-0.006089
0.0013954
9.61198e-05
0.0014196
-0.00435375
-0.00101053
0.000545757
0.0103485
0.0096271
-0.00243298
0.00229086
-0.000370341
-0.00195919
0.00133281
0.00291348
0.00754307
0.0147392
0.00988716
0.000821604
0.00358168
0.000599414
-0.00471625
-0.004118
-0.00154903
0.0026858
0.00186128
-0.00788415
-0.00896094
0.00151495
0.00272379
0.00297836
0.000842601
-0.00220452
0.000431232
-0.00670265
-0.00618501
-0.0113857
0.00164704
0.00829006
0.000704449
-0.00207952
-0.00550357
-0.00300505
0.00862554
0.00733971
0.00990523
0.0082214
0.00262209
-0.00153422
-0.00582078
-0.000752236
0.00459693
0.00274885
0.00828948
0.00529266
0.00370449
0.00167448
0.00524619
-0.00395596
-0.0018492
0.0088902
-0.010932
-0.00720712
-0.00643824
0.00708023
0.0109581
0.00120094
-0.00440615
-0.00438619
-0.00245831
-0.00124987
-0.00407288
-0.00477773
0.00283414
0.00985817
0.00184183
-0.00184052
-0.00453395
0.00100374
0.00585446
0.00483307
0.00841164
0.00202059
0.00497606
0.00401251
-0.00154893
-0.00221683
0.0120539
0.00322938
-0.00179164
0.00435225
0.00120832
0.00366634
-0.000319507
-0.00594251
-0.00558673
0.00511024
0.00216419
-0.00500968
-0.000738144
-0.000976082
0.00637004
0.00198693
-0.000460721
-0.00321261
0.00102515
-0.0032305
-0.00590117
-0.000142581
-0.00147958
0.00391299
0.00326792
-0.00125216
-0.00558919
-0.00553877
0.00847123
0.0041304
0.00208344
-0.00161865
0.00325252
-0.000931305
-0.0057122
1.96529e-05
0.0107399
0.00689649
-0.00150514
-0.00606874
-0.00208293
0.00163246
0.000553597
-0.00157485
0.00533056
0.0076966
0.00423858
-0.0099142
-0.00604585
-0.00188058
0.00507494
0.00254182
-0.00186335
-0.0033631
-0.000943103
-0.00130216
-0.0115702
-0.00610579
-0.00269516
0.00748519
-2.73478e-05
-0.00455348
-0.0046267
0.00331166
0.00102655
0.0177631
0.0019558
-0.00220352
-0.0091592
-0.00119958
0.00430543
0.00200753
-0.00607302
0.00309465
0.01344
-0.00239938
-0.0137354
-0.0145267
-0.00659445
-0.00844851
-0.00769296
-0.00713946
0.000941969
0.00914742
0.000368961
-0.00396498
-0.010053
0.000386471
0.000738611
-0.000656378
-0.00182559
0.00837653
0.00797036
0.00251001
-0.00914542
-0.0119856
-0.0026845
-0.00408897
-0.00642761
-0.0044638
0.00547339
0.0127108
0.00047421
-0.00954807
-0.00849114
-0.00235264
-0.00335779
-0.00441699
-0.00535966
0.00704154
0.00665235
0.000303295
-0.00377769
-0.00730361
0.00057065
-0.00246657
-0.0085143
-0.00683965
0.00843005
0.00911288
0.00216152
-0.00585141
-0.00964136
-0.0033764
-0.00101611
-0.00474509
-0.00470261
0.00120176
0.00492442
0.00385428
-0.00373766
-0.00993479
-0.00267494
0.000258258
-0.00485691
-0.00789526
0.00337385
0.00283419
-0.000114107
-0.00110853
-0.00887793
-0.000526313
0.00462441
-0.0038376
-0.0117585
-0.000289935
-0.000738979
0.000294057
-0.00680471
-0.0117321
-0.00434743
0.0048074
-0.00287125
-0.0115846
-0.00085469
0.00880602
-5.54219e-06
-0.00487399
-0.00713175
0.000789773
0.00686409
0.000812498
-0.00918634
0.00179269
0.0112865
0.00279308
-0.00904713
-0.00872036
-0.00271452
0.00432586
0.00137606
-0.00754002
0.00411053
0.00767745
0.00886496
-0.00573175
-0.0127686
-0.008733
-0.00187375
-0.00266975
-0.00673671
0.00201728
0.010964
0.00883207
-0.00771738
-0.00976656
-0.0108194
-0.012612
-0.0131664
-0.00770681
0.0058208
0.017509
0.0126666
-0.00506392
-0.00857572
-0.00278647
-0.000250722
-1.06987e-05
-0.00475219
0.00229655
0.00731739
0.00701328
-0.00787156
-0.0106852
-0.00453214
-0.00572267
-0.00632445
-0.00613831
0.00518971
0.0143788
0.0103264
-0.00291316
-0.00565696
-0.00797841
-0.0133865
-0.0113242
-0.00107485
0.00650373
0.0133771
0.00691851
-0.00382069
-0.0051722
-0.0102839
-0.0142088
-0.0125239
0.000532821
0.00299602
0.00751703
0.0066834
-0.00473271
-0.00497758
-0.00117524
-0.00722247
-0.00459675
-0.00260473
0.000583878
0.00409518
0.00438954
-0.00337336
-0.00629542
-0.00521927
-0.00590495
-0.00545608
-0.0036755
0.0119833
0.0170626
0.0113207
-0.00252049
-0.00010758
-0.00207013
-0.00935007
-0.00906383
0.00178285
0.00846193
0.0103446
0.00701654
-0.0050447
-0.00373751
-0.00246267
-0.0157706
-0.0124085
-0.000287715
0.00504735
0.011978
0.00701765
0.00134658
-0.00400109
-0.00387717
-0.00276847
-0.00743269
-0.00454227
0.00112723
0.0100541
0.00633008
0.00103242
-0.00146455
-0.00343456
-0.0102806
-0.012271
-0.00942973
0.0128285
0.0106353
0.00608418
-0.00312939
-0.00156118
-0.00320397
-0.0151925
-0.011657
0.0049302
0.00822992
0.00675963
0.00590461
-0.0019433
-0.00406377
-0.00570268
-0.00966878
-0.00992846
0.00323582
0.00418146
0.0095245
0.0102237
-9.28372e-05
0.00060836
-0.00290727
-0.012604
-0.00834529
0.000194444
0.00176665
0.00792464
0.00382854
-4.87192e-05
-0.00223156
-0.00913651
-0.0152574
-0.0116075
-0.00317803
0.00621547
0.00976138
0.0139081
0.00268481
-0.00293016
-0.00538955
-0.00384684
-0.0107412
0.00128319
0.00773691
0.00903782
0.0103682
-0.00127843
-0.00126625
-0.00507382
-0.00985969
-0.0126238
0.00274559
0.00303575
0.008077
0.00811377
0.00270522
-4.2465e-05
-0.0074861
-0.0109266
-0.0110848
-0.0058582
-0.00583834
-0.00256982
0.00576521
0.000156205
-0.00039846
-0.00487527
-0.0106228
-0.0135847
-0.00976406
0.0100276
0.00745222
0.00921622
0.000989079
0.00151378
-0.00045439
-0.00467566
0.000271047
0.00802166
0.00870976
0.0121075
0.0102108
0.00300138
0.0032049
-0.000361647
0.000472406
0.00583745
0.0031731
-0.00891371
-0.00396504
0.00311268
-0.00153751
5.66376e-05
-0.00367197
-0.0111141
-0.0111751
-0.00924604
-0.00708861
-0.00088954
0.000408621
-0.000400375
0.00240847
-0.00568089
-0.00327655
-0.00683235
-0.01058
0.00139794
0.00615157
0.00741455
0.00471955
0.00301212
0.00015404
-0.00084813
-0.00257415
-0.00381809
0.000858949
0.00378281
0.00617045
0.00449139
0.00513295
-0.00238039
-0.000312958
-0.00312165
-0.000243409
-0.00138995
0.0030669
0.00337055
0.00585733
0.00460029
-0.00508353
-0.00764237
-0.0126648
-0.00743677
0.00571873
0.00880802
0.00952371
0.0102949
0.00438968
-0.0034683
-0.012223
-0.00999389
0.00430056
-0.00632951
-0.00687254
0.00541383
-0.000619418
-0.00301046
-0.00628492
-0.00253776
-0.00383963
-0.00176749
0.00109792
0.000472411
0.00520843
0.000185596
-0.00333542
0.00154422
0.00136468
-0.000223338
-0.00254402
0.000882633
0.00332032
0.0104691
0.00319196
0.00183264
-0.00586076
-0.00993796
-0.00773922
0.00141853
0.00738006
0.00932024
0.00986766
0.00774468
-0.00037081
-0.00256329
-0.00401404
-0.00630277
-0.00244464
-0.00128705
0.0106002
0.00619921
0.000610089
-0.00301167
0.00278563
-0.000294035
-0.00673605
-0.00793725
0.00338159
0.0135107
0.0124369
0.00420904
-0.00430418
0.00133949
-0.000286344
-0.00626978
-0.00695094
0.00375581
0.00967267
0.00683723
7.38294e-05
-0.0075051
-0.00200755
-0.00185743
-0.00888851
-0.0105489
0.00275087
0.0149898
0.0108531
0.00280502
-0.00381746
-0.000765463
-0.000280419
-0.00718362
-0.0103597
-0.000238717
0.0162024
0.0145556
-0.000413128
-0.00587331
-0.00306851
-0.00361951
-0.00158624
-0.0087622
-0.003141
0.00705409
0.00779947
-0.00173552
-0.00563937
-0.00457858
-0.00474358
-0.00171096
-0.0102406
-0.00136623
0.0161066
0.0131417
0.000324222
-0.0012119
-0.00303898
-0.00319923
-0.00557022
-0.00646052
-0.00274692
0.00278094
0.00204111
0.00068425
-0.00144968
-0.00460919
-0.00556686
-0.00437957
-0.00113554
0.000878333
0.00436025
0.0102883
0.00498857
-0.00193031
-0.00317986
0.00158175
-0.00134355
-0.00805242
0.00158843
0.0074961
0.0178217
0.00323895
-0.00413263
-0.000461668
-0.000954272
0.000812908
-0.00173084
-0.00342383
-0.000773886
0.00345056
0.00472216
-0.00290907
-0.00426325
-0.00908184
-0.00464047
0.000410045
-0.00382966
-0.00307153
0.00395194
-0.0011804
-0.00421971
-0.00841149
-0.0108127
-0.00429002
-0.00268868
0.00876078
0.0119546
0.0127726
0.0025198
-0.00473786
0.00167471
-0.00347351
0.00403089
0.00493059
0.00981204
0.0101958
0.00665518
-0.00465081
-0.00537717
0.00191577
-0.00439873
-0.000755728
0.00330963
-0.000106822
-0.00221823
0.00375373
-0.00453737
-0.00543848
-0.00918648
-0.00986144
-0.00373096
-0.000109624
-0.000199031
-0.00254921
-0.00581186
-0.00576127
-0.00510409
-0.00359612
-0.00690551
-0.00296128
-0.003587
0.0102767
0.00888761
0.00587306
0.000125694
-0.000783586
0.00568794
-0.00374297
0.000340383
0.00927114
0.00628904
0.00780535
0.0126054
0.00755132
0.00143002
0.00429754
0.00172502
0.00208409
0.00774309
-0.00247827
-0.00267253
-0.00867451
-0.00792226
-0.00332838
-0.000132901
-0.00199395
0.00598148
0.00590085
-0.00607852
-0.00815599
-0.00519747
-0.00670169
-0.000964808
0.00396165
-0.000845141
-0.00223797
0.00300412
0.00581629
0.00757928
0.0117241
0.00730362
0.00336535
0.00576925
0.00104045
0.000371411
0.00446423
-0.000913535
0.00118397
0.000326796
0.00370842
0.00503172
0.00501098
-0.000768305
-0.00183923
-1.00804e-07
-0.00295736
-0.00772963
-0.00227005
0.00206614
0.00256876
0.00296767
-0.00220536
-0.00348363
0.00626338
-0.00216009
-0.00742725
-0.00344255
0.00336046
0.00451525
0.00461351
0.00181241
0.00165531
0.000745592
-0.00279695
0.000594924
0.00289777
0.00575026
0.00939928
0.0109291
0.00640946
0.00619539
-0.000188611
-0.00886148
-0.00358186
0.00132797
4.13506e-05
0.0112306
0.00620657
0.000783259
-0.00550528
-0.0109601
-0.00108823
0.0015033
0.00214522
0.00284223
0.00860059
0.0121683
0.00794034
0.00531342
0.000222596
-0.00452562
-0.00160872
0.00138598
-0.00172125
0.00769879
0.00589556
0.00330655
-0.00402797
-0.00763531
-0.00556253
-0.000380389
0.00491809
0.00825223
0.0165632
0.0042917
0.00443898
-0.00206657
-0.00473197
-0.00401581
-0.00279207
0.00690414
0.0090051
0.0137043
0.00122374
-0.000281396
0.00297069
-0.000208742
-0.00755558
0.00308469
0.00942851
0.00469006
0.0169596
0.00257434
0.00585636
0.00125022
-0.00711807
-0.0112686
-0.004048
0.00194121
0.00461097
0.0120748
-0.00225297
-0.00588204
-0.00581683
-0.00701242
-0.00198489
-0.000528836
0.00732593
0.00500543
0.0110134
0.00273865
0.000103602
0.000693029
0.00329667
0.000236728
-0.00329447
0.0082593
0.00355331
0.00865717
0.00504611
0.00821426
0.00284277
0.00370853
-0.00847503
-0.00813323
-0.00159266
-0.00384491
0.00305485
0.00225109
-0.00337711
-0.00575664
-0.0056199
-0.00686863
-0.00806632
1.76604e-05
-0.00169177
0.00541307
0.00415338
0.00532141
-0.000127933
-0.00112265
0.0047308
-0.000364169
0.00156666
0.00590117
0.00852746
0.00214531
0.0059759
0.000590232
0.00447168
0.00194783
-0.00499298
-0.00283441
0.00283575
0.0142202
0.00432906
0.00280926
-0.0040802
0.000995585
-0.00587415
-0.000435497
0.00521194
0.00475061
0.0114312
0.00450421
0.00521751
-0.00124987
-0.00201294
-0.00917721
-0.000610938
0.00518151
0.00232371
0.013243
0.00189862
0.00169522
-0.00178749
-0.00550849
0.000441792
-0.00449095
-0.000123058
0.00737745
0.0164909
0.00450306
0.00502321
0.00119219
0.00422606
-0.00474084
-0.00366059
0.000605624
0.00885244
0.0146253
0.00554991
0.00686743
0.00540298
0.000898859
-0.00844918
-0.00543905
0.00270532
0.00472295
0.0108153
0.00533533
0.00315869
-0.00126437
-0.0044181
-0.00515085
-0.00622462
3.33418e-05
0.00898522
0.0105523
0.0074101
0.00580245
0.00314124
-0.00206244
-0.00261354
-0.0113313
-0.00222953
0.00652098
0.0140199
0.00707998
0.00872148
0.00826494
0.00436038
-0.00349487
-0.00720815
0.00321563
0.0107747
0.0115602
0.00738577
0.00364665
0.000844438
0.00105858
-0.00384809
-0.00831173
0.00230181
0.00702094
0.00827547
0.000591718
0.00871799
0.00349659
0.00235557
-0.00781244
-0.00594515
-0.00113185
0.00538257
0.010464
0.000590609
0.00608186
-0.00120392
-0.00282696
0.00019125
-0.00467082
0.00208027
0.0113793
0.012687
0.00737912
0.00596125
-0.000188775
-0.00174148
-0.0028289
-0.00183664
-0.002371
0.00582962
0.016629
0.00594949
0.00939075
0.00283595
0.00179175
-0.00596052
-0.00266776
-0.000324103
0.00480673
0.011005
0.00131073
0.00310741
-0.00961707
-0.0108642
-0.000988603
-0.00406533
0.000732031
0.00500064
0.00970414
0.00473341
0.00476265
-0.00755716
-0.00279173
-0.0100228
-0.006769
-0.00629685
0.00494101
0.0125912
0.00559093
0.00424213
0.000591366
0.000897833
-0.00582867
-0.00302876
-0.00256704
0.0072513
0.0175828
0.00268239
0.00282147
0.00202002
0.00302925
-0.00134933
-0.012323
-0.00645395
0.0067909
0.00528411
0.00675379
0.00338756
-0.00507946
-0.000274795
-0.00227755
-0.00575426
-0.00283595
0.0136562
0.0058126
0.00446594
0.00232474
0.00165783
0.00434662
0.00133622
0.00294607
0.00814977
0.0049806
0.0155687
0.000174136
0.00236187
0.00498709
0.00743028
-0.00924308
-0.00508796
0.0020681
0.00620651
0.00714348
0.00376339
-0.00115643
-0.00267571
0.00078911
-0.00267705
-0.00830674
0.00387413
0.00627164
0.00495269
0.00199049
0.0020862
0.00582098
0.00990115
-0.00877336
-0.0149235
-0.00258245
0.0028937
0.00638231
0.00311914
-0.00102808
-0.00291452
0.00233746
-0.00305205
-0.0118768
-0.00285473
0.00409781
0.00564489
0.00351579
6.1996e-05
-0.00327158
0.00224511
-0.000984602
-0.0107851
-5.53067e-05
0.00463087
0.013847
0.00323475
0.00467003
0.000247148
0.00543408
-0.00982821
-0.0120252
-0.000591468
0.00567323
0.0144329
0.00833756
0.000961035
-0.00446782
-0.000461795
-0.00494074
-0.0059896
0.00345861
0.00849884
0.0180102
0.00800566
0.00700505
0.00584979
-0.000350788
-1.63644
